x	intensity
1.790699219000000085e+03	7.842265312500001073e+01
1.789126952999999958e+03	8.797026012500001002e+01
1.787556640999999900e+03	7.363171412500000201e+01
1.785984375000000000e+03	6.884267412500000205e+01
1.784412109000000100e+03	7.995870212500000207e+01
1.782839844000000085e+03	7.835028812500000583e+01
1.781267577999999958e+03	7.038378112499999872e+01
1.779695312999999942e+03	7.672471612500000049e+01
1.778121094000000085e+03	7.352883112500001062e+01
1.776548827999999958e+03	7.033422112499999912e+01
1.774974609000000100e+03	9.573225412500001141e+01
1.773400390999999900e+03	7.982971212500000036e+01
1.771826172000000042e+03	6.393351712500000161e+01
1.770250000000000000e+03	7.344299312500000099e+01
1.768675780999999915e+03	6.866439012500001127e+01
1.767099609000000100e+03	8.292954212500001177e+01
1.765523437999999942e+03	7.973744212500000117e+01
1.763947265999999900e+03	7.337424512500000162e+01
1.762371094000000085e+03	6.067012812499999797e+01
1.760794922000000042e+03	6.699765812500000095e+01
1.759216797000000042e+03	7.332263912500000913e+01
1.757640625000000000e+03	6.538088212499999941e+01
1.756062500000000000e+03	7.011903412499999888e+01
1.754484375000000000e+03	7.010245512500000586e+01
1.752906250000000000e+03	7.958959212500001001e+01
1.751328125000000000e+03	7.323655712500000448e+01
1.749748047000000042e+03	7.321933012499999904e+01
1.748169922000000042e+03	6.370412412499999988e+01
1.746589844000000085e+03	7.793289212500000929e+01
1.745009765999999900e+03	7.474997712500000091e+01
1.743429687999999942e+03	7.315038312500000472e+01
1.741849609000000100e+03	6.680625912500001107e+01
1.740267577999999958e+03	6.520889312500000301e+01
1.738687500000000000e+03	5.728784212500000450e+01
1.737105469000000085e+03	5.885453812499999771e+01
1.735523437999999942e+03	7.306411012499999913e+01
1.733941405999999915e+03	7.620709212500000262e+01
1.732359375000000000e+03	7.302957912500001214e+01
1.730775390999999900e+03	5.405854012500000039e+01
1.729193359000000100e+03	6.509922812500001044e+01
1.727609375000000000e+03	6.034703012499999630e+01
1.726025390999999900e+03	7.769603712500000370e+01
1.724441405999999915e+03	7.767778812500000640e+01
1.722857422000000042e+03	7.450378412500000991e+01
1.721273437999999942e+03	7.290860712500000318e+01
1.719687500000000000e+03	7.604579112500000804e+01
1.718101562999999942e+03	7.602785512500000209e+01
1.716515625000000000e+03	6.812691512500001068e+01
1.714929687999999942e+03	7.126312212500000953e+01
1.713343750000000000e+03	6.651826512499999922e+01
1.711757812999999942e+03	7.122914912500000639e+01
1.710169922000000042e+03	4.758239712499999996e+01
1.708583984000000100e+03	6.962015512500001080e+01
1.706996094000000085e+03	6.960347712500001194e+01
1.705408202999999958e+03	6.643808012499999904e+01
1.703818359000000100e+03	6.799607112500000028e+01
1.702230469000000085e+03	6.797970612500000698e+01
1.700642577999999958e+03	7.740367912500001069e+01
1.699052734000000100e+03	7.738538312500000416e+01
1.697462890999999900e+03	6.321232612499999703e+01
1.695873047000000042e+03	6.791420012500000780e+01
1.694283202999999958e+03	6.789781212500000152e+01
1.692691405999999915e+03	6.002249912500000306e+01
1.691101562999999942e+03	6.315064212499999741e+01
1.689509765999999900e+03	6.470636012500000334e+01
1.687917969000000085e+03	7.254471612500000788e+01
1.686326172000000042e+03	8.037985212499999932e+01
1.684734375000000000e+03	6.779945412500001112e+01
1.683142577999999958e+03	6.150361612500000064e+01
1.681548827999999958e+03	7.090570812500000386e+01
1.679957030999999915e+03	5.362731212499999600e+01
1.678363280999999915e+03	4.106266412499999774e+01
1.676769530999999915e+03	6.301169612499999317e+01
1.675173827999999958e+03	6.456449112500000354e+01
1.673580077999999958e+03	7.709212512500000969e+01
1.671986327999999958e+03	5.669491612499999889e+01
1.670390625000000000e+03	6.138259112499999759e+01
1.668794922000000042e+03	6.920224712499999953e+01
1.667199219000000085e+03	5.665239712500000024e+01
1.665603515999999900e+03	5.820453612499999707e+01
1.664005859000000100e+03	5.505804412500000211e+01
1.662410155999999915e+03	7.070088912500000333e+01
1.660812500000000000e+03	5.972637212500000459e+01
1.659214844000000085e+03	5.658148212500000085e+01
1.657617187999999942e+03	6.752021812499999953e+01
1.656019530999999915e+03	5.968186912499999863e+01
1.654421875000000000e+03	6.592326312500000540e+01
1.652822265999999900e+03	5.808845512500000297e+01
1.651222655999999915e+03	5.963734412499999138e+01
1.649623047000000042e+03	7.994267312499999889e+01
1.648023437999999942e+03	6.429595212499999946e+01
1.646423827999999958e+03	6.115525012500000201e+01
1.644824219000000085e+03	6.582643912500000738e+01
1.643222655999999915e+03	5.800129712500000068e+01
1.641621094000000085e+03	5.642529312500000316e+01
1.640021484000000100e+03	5.484992212499999908e+01
1.638417969000000085e+03	6.732267012500000192e+01
1.636816405999999915e+03	5.638264412499999167e+01
1.635214844000000085e+03	6.260916112499999286e+01
1.633611327999999958e+03	6.103379012500000300e+01
1.632007812999999942e+03	6.881628412500000991e+01
1.630406250000000000e+03	5.788497912499999387e+01
1.628800780999999915e+03	7.190044412500000703e+01
1.627197265999999900e+03	6.876584612500001015e+01
1.625593750000000000e+03	7.030727412500000639e+01
1.623988280999999915e+03	5.938468912500000130e+01
1.622382812999999942e+03	7.183058112500000902e+01
1.620777344000000085e+03	6.246947512499999533e+01
1.619171875000000000e+03	7.023868512500000350e+01
1.617566405999999915e+03	6.243840812500000226e+01
1.615960937999999942e+03	6.086656912499999095e+01
1.614353515999999900e+03	6.396331012499999957e+01
1.612746094000000085e+03	7.639269212500001061e+01
1.611138672000000042e+03	6.082092312500000020e+01
1.609531250000000000e+03	6.858074212500000044e+01
1.607923827999999958e+03	6.545452912500000764e+01
1.606314452999999958e+03	5.455781512499999764e+01
1.604707030999999915e+03	4.677370812499999886e+01
1.603097655999999915e+03	7.628192112500001087e+01
1.601488280999999915e+03	7.781684112500001049e+01
1.599878905999999915e+03	6.071434812499999367e+01
1.598267577999999958e+03	7.777925112500000182e+01
1.596658202999999958e+03	5.602663412499999396e+01
1.595046875000000000e+03	6.222073312500000242e+01
1.593435547000000042e+03	6.996400412500000243e+01
1.591824219000000085e+03	6.218960612500000451e+01
1.590212890999999900e+03	5.752068312499999791e+01
1.588599609000000100e+03	5.285370612499999510e+01
1.586988280999999915e+03	5.284008812500000118e+01
1.585375000000000000e+03	6.057718612500000432e+01
1.583761719000000085e+03	7.606015012500000694e+01
1.582148437999999942e+03	6.984367412500000682e+01
1.580535155999999915e+03	6.517895512500000166e+01
1.578921875000000000e+03	6.361388412499999134e+01
1.577306640999999900e+03	7.134059112500000310e+01
1.575691405999999915e+03	5.738928212500000114e+01
1.574076172000000042e+03	7.130553412500000832e+01
1.572460937999999942e+03	5.426496112499999214e+01
1.570845702999999958e+03	5.425099912499999988e+01
1.569228515999999900e+03	5.733083312499999096e+01
1.567613280999999915e+03	5.267649812500000195e+01
1.565996094000000085e+03	6.348661012499999146e+01
1.564378905999999915e+03	4.955736112499999990e+01
1.562761719000000085e+03	5.108996912499999610e+01
1.561142577999999958e+03	6.498413112500000466e+01
1.559525390999999900e+03	6.496788012500000775e+01
1.557906250000000000e+03	5.877313212499999651e+01
1.556287109000000100e+03	7.111258712500000456e+01
1.554667969000000085e+03	7.263901512500000024e+01
1.553048827999999958e+03	8.033938612500000431e+01
1.551429687999999942e+03	8.031988512499999899e+01
1.549808594000000085e+03	8.338637512500000071e+01
1.548187500000000000e+03	5.868341012500000176e+01
1.546568359000000100e+03	5.404140512500000426e+01
1.544947265999999900e+03	6.944767012500000192e+01
1.543324219000000085e+03	7.097213712500000327e+01
1.541703125000000000e+03	6.016494712500000475e+01
1.540080077999999958e+03	6.631385812500001009e+01
1.538457030999999915e+03	6.783799012500000458e+01
1.536835937999999942e+03	6.936147312500000339e+01
1.535210937999999942e+03	6.010379012499999618e+01
1.533587890999999900e+03	5.546925312500000160e+01
1.531964844000000085e+03	5.391551212499999934e+01
1.530339844000000085e+03	5.236241912499999529e+01
1.528714844000000085e+03	6.773646512500000938e+01
1.527089844000000085e+03	5.695041612499999673e+01
1.525464844000000085e+03	6.001200812500000126e+01
1.523839844000000085e+03	4.923214712499999735e+01
1.522212890999999900e+03	5.690647112500000304e+01
1.520585937999999942e+03	5.689182312499999483e+01
1.518958984000000100e+03	6.148762512500000099e+01
1.517332030999999915e+03	5.993550112499999472e+01
1.515705077999999958e+03	6.452869412500000124e+01
1.514078125000000000e+03	6.144072712500000222e+01
1.512449219000000085e+03	4.299890512500000028e+01
1.510820312999999942e+03	5.987426712499999581e+01
1.509191405999999915e+03	5.985895512500000137e+01
1.507562500000000000e+03	6.444725812500000472e+01
1.505933594000000085e+03	6.749938912500000754e+01
1.504302734000000100e+03	5.214358512499999421e+01
1.502673827999999958e+03	5.826414512499999176e+01
1.501042969000000085e+03	4.291680512499999622e+01
1.499412109000000100e+03	7.049742912500001069e+01
1.497781250000000000e+03	5.208883612499999316e+01
1.496148437999999942e+03	7.046223412500000904e+01
1.494517577999999958e+03	6.738076812500000301e+01
1.492884765999999900e+03	6.430060612500000161e+01
1.491251952999999958e+03	5.050279612499999615e+01
1.489619140999999900e+03	5.661324312500000389e+01
1.487986327999999958e+03	7.037421412500000883e+01
1.486351562999999942e+03	5.505359612499999145e+01
1.484718750000000000e+03	5.656922112499999145e+01
1.483083984000000100e+03	6.420279712500000358e+01
1.481449219000000085e+03	5.501055112499999922e+01
1.479814452999999958e+03	5.652520012500000490e+01
1.478179687999999942e+03	5.192450712499999810e+01
1.476542969000000085e+03	5.191081212499999964e+01
1.474906250000000000e+03	5.495314812499999135e+01
1.473271484000000100e+03	5.188340712499999796e+01
1.471632812999999942e+03	7.172546412500000201e+01
1.469996094000000085e+03	4.727489112499999635e+01
1.468359375000000000e+03	5.794915812500000385e+01
1.466720702999999958e+03	5.793415112499999253e+01
1.465082030999999915e+03	6.097126012499999348e+01
1.463445312999999942e+03	6.858427412500000742e+01
1.461804687999999942e+03	6.093993412500000062e+01
1.460166015999999900e+03	5.482394412500000414e+01
1.458527344000000085e+03	6.700762912500000823e+01
1.456886719000000085e+03	5.631965612500000162e+01
1.455246094000000085e+03	6.087727312499999499e+01
1.453605469000000085e+03	6.543293712500000936e+01
1.451964844000000085e+03	5.932249412499999863e+01
1.450324219000000085e+03	4.407591612499999911e+01
1.448681640999999900e+03	6.538299512500000787e+01
1.447039062999999942e+03	4.861917112500000115e+01
1.445396484000000100e+03	7.296041912500000137e+01
1.443753905999999915e+03	5.924577312499999238e+01
1.442111327999999958e+03	6.531639812500000630e+01
1.440468750000000000e+03	5.769392412500000233e+01
1.438824219000000085e+03	5.615806612499999773e+01
1.437179687999999942e+03	4.549979012499999698e+01
1.435535155999999915e+03	4.852775212499999924e+01
1.433890625000000000e+03	5.915369412499999413e+01
1.432244140999999900e+03	7.737273412500000802e+01
1.430599609000000100e+03	5.152697412499999530e+01
1.428953125000000000e+03	6.214540812499999589e+01
1.427306640999999900e+03	6.972216812500001026e+01
1.425660155999999915e+03	5.755872312499999310e+01
1.424013672000000042e+03	5.602580212499999135e+01
1.422365234000000100e+03	3.476509112499999787e+01
1.420718750000000000e+03	6.813436912500000631e+01
1.419070312999999942e+03	6.204937712499999947e+01
1.417421875000000000e+03	7.416611512500000458e+01
1.415773437999999942e+03	6.656616212500000529e+01
1.414125000000000000e+03	4.987384812499999498e+01
1.412474609000000100e+03	6.198535112500000110e+01
1.410824219000000085e+03	6.196934512499999670e+01
1.409173827999999958e+03	6.801316812500000708e+01
1.407523437999999942e+03	5.587879912499999335e+01
1.405873047000000042e+03	4.829256812499999540e+01
1.404222655999999915e+03	7.461582182386851514e+01
1.402570312999999942e+03	4.568827007587420042e+01
1.400917969000000085e+03	4.709069532986445950e+01
1.399265625000000000e+03	7.912434842639430599e+01
1.397613280999999915e+03	6.073355686172456558e+01
1.395960937999999942e+03	6.783466374251531761e+01
1.394306640999999900e+03	5.847682967870910176e+01
1.392652344000000085e+03	6.091963690860177394e+01
1.390998047000000042e+03	6.392617678788767677e+01
1.389343750000000000e+03	7.114337706014499929e+01
1.387689452999999958e+03	5.537721244882075666e+01
1.386033202999999958e+03	6.227831277735828053e+01
1.384378905999999915e+03	5.010399286839622590e+01
1.382722655999999915e+03	5.227328622299528149e+01
1.381066405999999915e+03	7.166074077393868436e+01
1.379410155999999915e+03	7.545755598879716786e+01
1.377751952999999958e+03	6.713373481867448334e+01
1.376095702999999958e+03	6.240916601247702289e+01
1.374437500000000000e+03	6.727083116007955255e+01
1.372779297000000042e+03	6.115500297497938220e+01
1.371121094000000085e+03	6.081530623974118299e+01
1.369462890999999900e+03	3.975174867769408138e+01
1.367802734000000100e+03	6.000524012622529568e+01
1.366144530999999915e+03	5.908441653098051205e+01
1.364484375000000000e+03	2.418468823829431003e+01
1.362824219000000085e+03	6.617287856193016182e+01
1.361162109000000100e+03	8.197559856812529233e+01
1.359501952999999958e+03	7.659022659392621790e+01
1.357839844000000085e+03	6.212014198593363545e+01
1.356179687999999942e+03	5.183467048360547125e+01
1.354517577999999958e+03	6.473304640539218724e+01
1.352853515999999900e+03	5.951262322987103204e+01
1.351191405999999915e+03	6.215607180407916843e+01
1.349529297000000042e+03	5.502071647592203618e+01
1.347865234000000100e+03	6.326752739455014307e+01
1.346201172000000042e+03	5.724350470670253799e+01
1.344537109000000100e+03	6.183510420884327630e+01
1.342873047000000042e+03	6.064661935370901347e+01
1.341207030999999915e+03	5.838697324960691049e+01
1.339542969000000085e+03	6.083991740528838932e+01
1.337876952999999958e+03	7.202943550922088889e+01
1.336210937999999942e+03	5.982574427886746093e+01
1.334544922000000042e+03	4.977430425904607603e+01
1.332876952999999958e+03	5.271282209706695454e+01
1.331210937999999942e+03	5.437080960558170517e+01
1.329542969000000085e+03	4.996113783928887386e+01
1.327875000000000000e+03	5.749921331569599658e+01
1.326207030999999915e+03	5.385088460382208098e+01
1.324539062999999942e+03	6.524321369694212081e+01
1.322869140999999900e+03	5.898883314514819176e+01
1.321199219000000085e+03	5.852713763003588099e+01
1.319531250000000000e+03	6.309420407663477448e+01
1.317859375000000000e+03	6.560718274591415877e+01
1.316189452999999958e+03	5.697713888897756362e+01
1.314519530999999915e+03	5.519519766035202224e+01
1.312847655999999915e+03	5.121515487535046418e+01
1.311175780999999915e+03	5.030153600015182036e+01
1.309503905999999915e+03	6.107845290207793454e+01
1.307832030999999915e+03	6.667922217667216955e+01
1.306160155999999915e+03	5.472089180340327630e+01
1.304486327999999958e+03	4.725225002778444860e+01
1.302814452999999958e+03	6.109006686110469531e+01
1.301140625000000000e+03	6.848022780804188869e+01
1.299466797000000042e+03	7.142833619468780171e+01
1.297791015999999900e+03	6.920972379405040442e+01
1.296117187999999942e+03	5.386220068815877937e+01
1.294441405999999915e+03	6.920811606614034872e+01
1.292765625000000000e+03	5.092285381551251788e+01
1.291089844000000085e+03	6.394742683871842814e+01
1.289414062999999942e+03	5.868692909851195338e+01
1.287738280999999915e+03	6.309656459241361404e+01
1.286060547000000042e+03	7.693068512968228845e+01
1.284382812999999942e+03	6.565075339216235761e+01
1.282705077999999958e+03	6.354585544113402307e+01
1.281027344000000085e+03	4.778242348199769651e+01
1.279349609000000100e+03	6.262848948569404683e+01
1.277669922000000042e+03	7.825836941643399314e+01
1.275990234000000100e+03	4.355968385615051375e+01
1.274310547000000042e+03	5.293936709350792569e+01
1.272630859000000100e+03	5.716624928779290826e+01
1.270951172000000042e+03	6.183235115606061072e+01
1.269269530999999915e+03	4.300311447181693580e+01
1.267589844000000085e+03	4.850049904054118599e+01
1.265908202999999958e+03	6.849682819066610762e+01
1.264226562999999942e+03	4.484954191331986806e+01
1.262542969000000085e+03	4.247258978787324679e+01
1.260861327999999958e+03	5.743455648419522674e+01
1.259177734000000100e+03	6.989699119153372919e+01
1.257496094000000085e+03	5.987693572237509443e+01
1.255812500000000000e+03	5.818005496048355241e+01
1.254126952999999958e+03	6.313099123707733895e+01
1.252443359000000100e+03	5.138118970212271108e+01
1.250757812999999942e+03	6.776924694418295303e+01
1.249074219000000085e+03	5.573923677354597572e+01
1.247388672000000042e+03	6.118721130653784712e+01
1.245701172000000042e+03	6.773398869274939216e+01
1.244015625000000000e+03	5.796099561202260020e+01
1.242330077999999958e+03	5.725445970950899266e+01
1.240642577999999958e+03	5.429559999394454906e+01
1.238955077999999958e+03	5.202568971576383206e+01
1.237267577999999958e+03	5.907267819839377410e+01
1.235580077999999958e+03	7.386925426747581014e+01
1.233890625000000000e+03	4.772168181246247798e+01
1.232201172000000042e+03	7.473157804422098138e+01
1.230511719000000085e+03	5.997647666597480054e+01
1.228822265999999900e+03	5.805948785277777802e+01
1.227132812999999942e+03	7.227506506382060536e+01
1.225443359000000100e+03	5.951026937971081310e+01
1.223751952999999958e+03	4.670284643160809424e+01
1.222060547000000042e+03	5.838576464613768024e+01
1.220369140999999900e+03	5.495780849543443480e+01
1.218677734000000100e+03	5.228029944535275320e+01
1.216986327999999958e+03	5.699089703397199003e+01
1.215292969000000085e+03	5.091879549164386987e+01
1.213599609000000100e+03	5.745322293765114807e+01
1.211906250000000000e+03	5.871978960439167849e+01
1.210212890999999900e+03	5.115854615914253145e+01
1.208519530999999915e+03	6.160063537448850468e+01
1.206824219000000085e+03	5.162063693280991572e+01
1.205130859000000100e+03	4.322094456495879200e+01
1.203435547000000042e+03	5.954223102809552159e+01
1.201738280999999915e+03	6.333265056816297545e+01
1.200042969000000085e+03	5.647028041003579801e+01
1.198347655999999915e+03	5.790425008897982906e+01
1.196650390999999900e+03	5.033833058827421780e+01
1.194953125000000000e+03	6.037595067819400896e+01
1.193255859000000100e+03	5.403983680087240771e+01
1.191558594000000085e+03	4.922565841049165414e+01
1.189859375000000000e+03	5.038424397213562145e+01
1.188162109000000100e+03	6.080823306878368584e+01
1.186462890999999900e+03	4.514860407446786184e+01
1.184763672000000042e+03	5.777827727643325773e+01
1.183062500000000000e+03	4.844759542832643007e+01
1.181363280999999915e+03	6.635585887224105761e+01
1.179662109000000100e+03	6.398575014309946596e+01
1.177960937999999942e+03	5.174283193192270147e+01
1.176259765999999900e+03	5.029945321295853233e+01
1.174558594000000085e+03	6.721552985881723430e+01
1.172857422000000042e+03	6.623005020912103191e+01
1.171154297000000042e+03	5.740335287275684095e+01
1.169451172000000042e+03	4.542454483215976069e+01
1.167748047000000042e+03	5.960127830366332802e+01
1.166044922000000042e+03	5.773224874890252067e+01
1.164341797000000042e+03	6.051194150366176672e+01
1.162636719000000085e+03	5.248944315023199181e+01
1.160933594000000085e+03	6.924586801682869464e+01
1.159228515999999900e+03	6.677134766662844356e+01
1.157523437999999942e+03	6.287872508313120079e+01
1.155816405999999915e+03	6.769064963854350481e+01
1.154111327999999958e+03	6.006653465509016598e+01
1.152404297000000042e+03	4.485891765223371408e+01
1.150697265999999900e+03	6.056744062284575136e+01
1.148990234000000100e+03	6.188416745893499638e+01
1.147283202999999958e+03	6.341959296678297875e+01
1.145574219000000085e+03	5.176636100704423171e+01
1.143865234000000100e+03	5.150585393097674114e+01
1.142156250000000000e+03	4.078319782042065356e+01
1.140447265999999900e+03	6.214460746639799993e+01
1.138738280999999915e+03	5.294223263861577067e+01
1.137029297000000042e+03	5.137103306983357953e+01
1.135318359000000100e+03	6.302563495048516984e+01
1.133607422000000042e+03	5.510992647911484710e+01
1.131896484000000100e+03	5.160204657425394714e+01
1.130185547000000042e+03	5.810230196400893021e+01
1.128472655999999915e+03	5.541250372498143406e+01
1.126761719000000085e+03	4.962696437673284322e+01
1.125048827999999958e+03	5.588660497384500303e+01
1.123335937999999942e+03	6.853194458878337514e+01
1.121621094000000085e+03	5.566171202897955084e+01
1.119908202999999958e+03	4.672214226648432600e+01
1.118193359000000100e+03	6.637179796836264245e+01
1.116480469000000085e+03	5.238791609188734100e+01
1.114765625000000000e+03	7.173233825460953028e+01
1.113048827999999958e+03	7.539181374998328522e+01
1.111333984000000100e+03	6.562889109863453996e+01
1.109617187999999942e+03	6.877764857831012080e+01
1.107900390999999900e+03	6.466307538941427424e+01
1.106183594000000085e+03	7.306735346206743031e+01
1.104466797000000042e+03	6.532349317487710039e+01
1.102750000000000000e+03	6.075415889520768786e+01
1.101031250000000000e+03	7.130471145514471232e+01
1.099312500000000000e+03	6.268506234522103426e+01
1.097593750000000000e+03	7.368210936540212685e+01
1.095875000000000000e+03	7.632402396546044088e+01
1.094156250000000000e+03	7.654221513286516654e+01
1.092435547000000042e+03	5.906637304298740787e+01
1.090716797000000042e+03	6.480236891037148439e+01
1.088996094000000085e+03	4.677016863645165046e+01
1.087273437999999942e+03	5.981550167660605410e+01
1.085552734000000100e+03	6.261268546418352798e+01
1.083830077999999958e+03	5.776776953631437550e+01
1.082109375000000000e+03	5.744656394720969672e+01
1.080386719000000085e+03	6.400968474006249664e+01
1.078664062999999942e+03	6.502995553642691107e+01
1.076939452999999958e+03	7.470458869749482744e+01
1.075216797000000042e+03	5.968625761955590292e+01
1.073492187999999942e+03	6.278537226732106546e+01
1.071767577999999958e+03	6.352481449162218041e+01
1.070042969000000085e+03	5.828597160293285384e+01
1.068316405999999915e+03	6.233446264175291418e+01
1.066591797000000042e+03	6.559490261468825167e+01
1.064865234000000100e+03	5.462067585298389361e+01
1.063138672000000042e+03	6.843540283693987192e+01
1.061412109000000100e+03	6.793123654095832364e+01
1.059685547000000042e+03	6.329991972874633177e+01
1.057957030999999915e+03	6.858915190708503928e+01
1.056228515999999900e+03	7.706892024476822201e+01
1.054501952999999958e+03	8.637921173599909253e+01
1.052771484000000100e+03	7.117336678361839120e+01
1.051042969000000085e+03	7.575277042067199318e+01
1.049314452999999958e+03	5.983345710567957099e+01
1.047583984000000100e+03	5.648154099837543640e+01
1.045853515999999900e+03	6.309765635595924493e+01
1.044123047000000042e+03	5.485704161944899937e+01
1.042390625000000000e+03	4.904741955131738251e+01
1.040660155999999915e+03	7.005049195330647649e+01
1.038927734000000100e+03	6.059640178155824941e+01
1.037195312999999942e+03	5.664918475397500686e+01
1.035462890999999900e+03	6.045527335639801692e+01
1.033730469000000085e+03	6.464948987840433858e+01
1.031996094000000085e+03	5.955503043495623672e+01
1.030263672000000042e+03	4.256157778431634142e+01
1.028529297000000042e+03	6.071469687063790843e+01
1.026792969000000085e+03	7.353236149385755027e+01
1.025058594000000085e+03	7.569050624063599741e+01
1.023324218999999971e+03	6.624240519801413996e+01
1.021587891000000013e+03	6.992929385484724492e+01
1.019851563000000056e+03	6.603458237483458504e+01
1.018115233999999987e+03	6.644050666531902039e+01
1.016376952999999958e+03	7.125874536008402060e+01
1.014640625000000000e+03	6.209776462332705904e+01
1.012902343999999971e+03	5.721553315836536058e+01
1.011164063000000056e+03	7.063271903779806848e+01
1.009425781000000029e+03	6.199241373336902683e+01
1.007687500000000000e+03	5.367837821479380267e+01
1.005947266000000013e+03	6.544552564708450859e+01
1.004208983999999987e+03	4.958149107960568358e+01
1.002468750000000000e+03	6.010308906712153032e+01
1.000728516000000013e+03	7.195334174981226738e+01
9.989863279999999577e+02	5.332847701560609011e+01
9.972460939999999709e+02	6.998218392007751731e+01
9.955039060000000291e+02	3.884817225733070245e+01
9.937617189999999709e+02	7.126146446383442878e+01
9.920195310000000291e+02	5.711540225358633904e+01
9.902753910000000133e+02	4.030675384442290010e+01
9.885332029999999577e+02	6.107506145941266595e+01
9.867890630000000556e+02	6.707091168644517154e+01
9.850449220000000423e+02	5.653261947119105457e+01
9.833007810000000291e+02	5.916499196145014139e+01
9.815566410000000133e+02	6.218620806160220127e+01
9.798105470000000423e+02	7.829488872876119387e+01
9.780644529999999577e+02	6.898779717236908482e+01
9.763183589999999867e+02	6.584900309972434229e+01
9.745722660000000133e+02	7.464086792653452562e+01
9.728261720000000423e+02	5.551591639115284238e+01
9.710781250000000000e+02	5.607342756274201179e+01
9.693320310000000291e+02	4.335729296859386750e+01
9.675839839999999867e+02	5.996253283048338290e+01
9.658339839999999867e+02	4.498430613965450675e+01
9.640859380000000556e+02	4.966587686062098328e+01
9.623378910000000133e+02	7.983957686870743942e+01
9.605878910000000133e+02	6.896133284411402542e+01
9.588378910000000133e+02	5.292162255167090734e+01
9.570878910000000133e+02	6.294408088737557705e+01
9.553359380000000556e+02	7.574003012121113443e+01
9.535859380000000556e+02	5.452928744141539141e+01
9.518339839999999867e+02	9.096952484437495912e+01
9.500820310000000291e+02	6.059913467305713652e+01
9.483300779999999577e+02	6.569697523752196844e+01
9.465761720000000423e+02	6.932004715988603039e+01
9.448242189999999709e+02	7.965603699204862664e+01
9.430703130000000556e+02	7.084060154737213111e+01
9.413164060000000291e+02	5.429719610605454250e+01
9.395605470000000423e+02	8.406729323132023524e+01
9.378066410000000133e+02	5.795760835732947669e+01
9.360507810000000291e+02	7.628233657313495542e+01
9.342968750000000000e+02	7.992951330228349605e+01
9.325410160000000133e+02	9.219390926519106699e+01
9.307832029999999577e+02	9.136459981846752498e+01
9.290273439999999709e+02	9.963928612522934714e+01
9.272695310000000291e+02	8.921314245151415889e+01
9.255117189999999709e+02	8.268387619894060947e+01
9.237539060000000291e+02	8.699263805901259161e+01
9.219960939999999709e+02	8.955856448999534791e+01
9.202382810000000291e+02	9.117819163374659297e+01
9.184785160000000133e+02	9.699722390779562886e+01
9.167187500000000000e+02	9.244239718317355425e+01
9.149589839999999867e+02	8.383955714464224229e+01
9.131992189999999709e+02	9.215521895427704635e+01
9.114375000000000000e+02	9.543877593909869006e+01
9.096757810000000291e+02	8.899977081322734307e+01
9.079160160000000133e+02	1.176197038256088376e+02
9.061523439999999709e+02	9.394859534569880566e+01
9.043906250000000000e+02	8.185988363257007450e+01
9.026289060000000291e+02	9.636416028169141157e+01
9.008652339999999867e+02	9.282242008404709566e+01
8.991015630000000556e+02	8.961387537402906389e+01
8.973378910000000133e+02	9.328727867782139072e+01
8.955722660000000133e+02	8.205913522744607747e+01
8.938085939999999709e+02	9.473518296913938741e+01
8.920429689999999709e+02	9.677274735937055539e+01
8.902773439999999709e+02	9.682122926255040340e+01
8.885117189999999709e+02	8.080374897362163722e+01
8.867460939999999709e+02	8.745520525429131453e+01
8.849785160000000133e+02	8.471116710388585602e+01
8.832109380000000556e+02	8.511577224630237026e+01
8.814433589999999867e+02	9.458450587080724858e+01
8.796757810000000291e+02	9.510469975195675829e+01
8.779082029999999577e+02	7.811811134257989409e+01
8.761386720000000423e+02	8.077827505049319257e+01
8.743691410000000133e+02	9.167660507559990890e+01
8.725996089999999867e+02	8.211933395530800794e+01
8.708300779999999577e+02	9.040084921995510570e+01
8.690605470000000423e+02	7.940633989387235658e+01
8.672890630000000556e+02	8.674758874043601509e+01
8.655175779999999577e+02	9.984024873504877462e+01
8.637460939999999709e+02	7.423234814801367065e+01
8.619746089999999867e+02	8.882117457738058874e+01
8.602011720000000423e+02	1.048299616211703551e+02
8.584296880000000556e+02	9.936063914750748438e+01
8.566562500000000000e+02	7.342636261186616764e+01
8.548828130000000556e+02	8.372581796021162859e+01
8.531074220000000423e+02	1.050157820107638003e+02
8.513339839999999867e+02	8.188549009863452000e+01
8.495585939999999709e+02	8.814158771615831256e+01
8.477832029999999577e+02	9.561743837293288095e+01
8.460078130000000556e+02	8.970029915884775562e+01
8.442324220000000423e+02	1.192281086323193904e+02
8.424550779999999577e+02	1.101007471074496777e+02
8.406777339999999867e+02	9.505440657004736238e+01
8.389003910000000133e+02	9.011963362365165153e+01
8.371230470000000423e+02	8.092701502966598071e+01
8.353457029999999577e+02	1.074924130998706744e+02
8.335664060000000291e+02	1.034825061242940194e+02
8.317871089999999867e+02	9.909693060000694231e+01
8.300078130000000556e+02	1.099499099432674427e+02
8.282285160000000133e+02	8.548650407983485877e+01
8.264492189999999709e+02	9.829822968780523240e+01
8.246679689999999709e+02	1.203930553861133035e+02
8.228867189999999709e+02	1.213202373589393233e+02
8.211054689999999709e+02	1.288042124960578292e+02
8.193242189999999709e+02	1.477802673944789262e+02
8.175410160000000133e+02	1.606476338222375375e+02
8.157597660000000133e+02	1.603159275195770022e+02
8.139765630000000556e+02	1.740686166572066327e+02
8.121933589999999867e+02	1.822258858023004109e+02
8.104082029999999577e+02	1.802534586115805837e+02
8.086250000000000000e+02	1.964844847353726038e+02
8.068398439999999709e+02	1.800834949014567599e+02
8.050546880000000556e+02	2.006170295341917154e+02
8.032695310000000291e+02	1.973029315904896066e+02
8.014843750000000000e+02	1.790974703802819477e+02
7.996972660000000133e+02	1.710290631114878863e+02
7.979101560000000291e+02	1.556711462049137822e+02
7.961230470000000423e+02	1.611497659923653885e+02
7.943359380000000556e+02	1.536900185750534433e+02
7.925488279999999577e+02	1.335887676362029310e+02
7.907597660000000133e+02	1.572099513725813438e+02
7.889707029999999577e+02	1.241051124510378685e+02
7.871816410000000133e+02	1.454965109658444362e+02
7.853925779999999577e+02	1.257303699625017828e+02
7.836035160000000133e+02	1.228252255162295654e+02
7.818125000000000000e+02	1.020871469127329476e+02
7.800214839999999867e+02	1.031770773338251104e+02
7.782304689999999709e+02	1.296770017854119033e+02
7.764394529999999577e+02	1.037463795424840782e+02
7.746464839999999867e+02	1.194332679807197195e+02
7.728535160000000133e+02	1.069355522718135489e+02
7.710605470000000423e+02	1.015145933378766472e+02
7.692675779999999577e+02	9.990376709554830370e+01
7.674746089999999867e+02	9.149016916501014407e+01
7.656796880000000556e+02	1.081915582904449025e+02
7.638847660000000133e+02	8.839304152035111883e+01
7.620898439999999709e+02	8.965551437235281185e+01
7.602949220000000423e+02	1.044995088522130402e+02
7.585000000000000000e+02	8.326294220025201298e+01
7.567031250000000000e+02	9.295063902654545984e+01
7.549062500000000000e+02	7.964355540369018627e+01
7.531093750000000000e+02	9.520529508992214573e+01
7.513125000000000000e+02	1.015317081294951009e+02
7.495136720000000423e+02	1.057791399157385968e+02
7.477167970000000423e+02	8.910271935088992734e+01
7.459179689999999709e+02	7.328146247289180337e+01
7.441191410000000133e+02	9.599802221463640706e+01
7.423183589999999867e+02	9.384615331416853223e+01
7.405195310000000291e+02	8.526258482403818562e+01
7.387187500000000000e+02	1.038576694381387853e+02
7.369179689999999709e+02	1.021374307291868320e+02
7.351171880000000556e+02	9.228078243871397035e+01
7.333144529999999577e+02	8.437602254017787118e+01
7.315136720000000423e+02	7.775857481675630822e+01
7.297109380000000556e+02	7.790198151106066859e+01
7.279082029999999577e+02	9.632637587290690817e+01
7.261054689999999709e+02	1.041485682448976888e+02
7.243007810000000291e+02	8.672573508082396643e+01
7.224980470000000423e+02	1.070987022432046132e+02
7.206933589999999867e+02	1.082260764533021842e+02
7.188886720000000423e+02	1.090209387922928386e+02
7.170820310000000291e+02	1.068234855151251423e+02
7.152773439999999709e+02	8.729364412998857858e+01
7.134707029999999577e+02	1.107010372402571505e+02
7.116640630000000556e+02	1.230278939841889780e+02
7.098574220000000423e+02	1.124021038504611880e+02
7.080488279999999577e+02	9.849418195501596074e+01
7.062421880000000556e+02	8.049394431250000537e+01
7.044335939999999709e+02	9.081231225300479082e+01
7.026250000000000000e+02	9.534095187375791625e+01
7.008164060000000291e+02	1.069214410275182843e+02
6.990058589999999867e+02	1.006893342756181084e+02
6.971972660000000133e+02	8.373861716331886385e+01
6.953867189999999709e+02	9.708102824834253397e+01
6.935761720000000423e+02	9.571757634228464440e+01
6.917636720000000423e+02	1.186841761751356898e+02
6.899531250000000000e+02	1.105793272078769576e+02
6.881406250000000000e+02	9.002159881545451015e+01
6.863281250000000000e+02	9.275931678217013143e+01
6.845156250000000000e+02	9.546046795517457895e+01
6.827011720000000423e+02	1.052852289417749461e+02
6.808886720000000423e+02	1.036199098247920745e+02
6.790742189999999709e+02	1.122988638827294920e+02
6.772597660000000133e+02	9.569057957604802311e+01
6.754453130000000556e+02	9.833821343544451565e+01
6.736289060000000291e+02	8.522384696867685250e+01
6.718125000000000000e+02	9.664388969955170694e+01
6.699960939999999709e+02	9.454414863841824967e+01
6.681796880000000556e+02	9.401326468332194963e+01
6.663632810000000291e+02	1.016244195749220864e+02
6.645449220000000423e+02	8.974892470826338808e+01
6.627285160000000133e+02	7.372429727459173421e+01
6.609101560000000291e+02	8.738577593526788689e+01
6.590898439999999709e+02	8.650023366311647521e+01
6.572714839999999867e+02	8.823264613777801912e+01
6.554511720000000423e+02	9.289723033300785460e+01
6.536328130000000556e+02	8.704592365947711130e+01
6.518105470000000423e+02	7.083467121898176799e+01
6.499902339999999867e+02	9.276034203685544810e+01
6.481699220000000423e+02	8.668830183263172273e+01
6.463476560000000291e+02	8.842599342567464760e+01
6.445253910000000133e+02	7.661413843659190093e+01
6.427031250000000000e+02	7.549826691783248123e+01
6.408789060000000291e+02	6.528520354617056398e+01
6.390566410000000133e+02	7.955614179300830813e+01
6.372324220000000423e+02	8.272500640749362333e+01
6.354082029999999577e+02	8.231423578866991875e+01
6.335839839999999867e+02	8.999329471084709553e+01
6.317578130000000556e+02	9.745381578870856742e+01
6.299335939999999709e+02	8.001468666145129305e+01
6.281074220000000423e+02	7.531063530524120608e+01
6.262792970000000423e+02	7.101323466685386165e+01
6.244531250000000000e+02	6.719911106345810481e+01
6.226269529999999577e+02	8.035415606510528619e+01
6.207988279999999577e+02	8.150507497443756222e+01
6.189707029999999577e+02	6.625658168617928823e+01
6.171425779999999577e+02	5.392160638225022495e+01
6.153125000000000000e+02	6.138389192982173626e+01
6.134824220000000423e+02	8.591230546834951554e+01
6.116542970000000423e+02	6.025059766295851205e+01
6.098222660000000133e+02	6.157139124409252418e+01
6.079921880000000556e+02	5.897129074837630469e+01
6.061621089999999867e+02	6.561668581287604241e+01
6.043300779999999577e+02	6.289913322143141983e+01
6.024980470000000423e+02	7.330367684966198283e+01
6.006660160000000133e+02	7.174306858610297866e+01
5.988320310000000291e+02	6.764613320912695826e+01
5.970000000000000000e+02	6.207682017628204107e+01
5.951660160000000133e+02	6.949663760233821108e+01
5.933320310000000291e+02	7.837989133079553028e+01
5.914960939999999709e+02	6.925888889325514697e+01
5.896621089999999867e+02	7.259118967011625045e+01
5.878261720000000423e+02	6.358741769357610707e+01
5.859902339999999867e+02	8.167543415292068687e+01
5.841542970000000423e+02	6.687295060679214487e+01
5.823183589999999867e+02	6.015625444279704936e+01
5.804804689999999709e+02	8.727465108732663168e+01
5.786425779999999577e+02	6.507024969752129095e+01
5.768046880000000556e+02	6.814820574904507566e+01
5.749667970000000423e+02	6.863698782881638749e+01
5.731269529999999577e+02	6.264216151641593910e+01
5.712890630000000556e+02	7.324306508876740907e+01
5.694492189999999709e+02	6.023173383512482104e+01
5.676093750000000000e+02	7.671047132243116096e+01
5.657675779999999577e+02	4.634182663816571335e+01
5.639277339999999867e+02	6.043920650728169619e+01
5.620859380000000556e+02	5.673076795654816351e+01
5.602441410000000133e+02	6.209152817282992487e+01
5.584023439999999709e+02	6.337007051276798109e+01
5.565585939999999709e+02	9.012952750756434739e+01
5.547148439999999709e+02	6.761944628614287467e+01
5.528710939999999709e+02	7.584853793442803749e+01
5.510273439999999709e+02	6.257894249020536392e+01
5.491835939999999709e+02	6.028832561526360934e+01
5.473378910000000133e+02	6.099718718416379915e+01
5.454941410000000133e+02	5.077351681197932720e+01
5.436484380000000556e+02	7.506973460015674959e+01
5.418007810000000291e+02	8.071266377793281777e+01
5.399550779999999577e+02	6.272383760602389202e+01
5.381074220000000423e+02	4.837217782224330165e+01
5.362597660000000133e+02	5.188038129563057055e+01
5.344121089999999867e+02	7.450626787910498194e+01
5.325644529999999577e+02	4.338958214036449590e+01
5.307148439999999709e+02	1.082790141070080381e+01
5.288652339999999867e+02	2.168256963079392108e+01
5.270156250000000000e+02	1.115920953688203099e+01
5.251660160000000133e+02	-1.093034640710005760e+02
5.233144529999999577e+02	-4.008605382121652383e+02
5.214648439999999709e+02	8.422914909290648211e+01
5.196132810000000291e+02	-1.209595860091755185e+03
5.177617189999999709e+02	-7.426917340778318248e+02
5.159082029999999577e+02	-1.874336014220548350e+02
5.140566410000000133e+02	-2.946986799743933716e+01
5.122031250000000000e+02	-8.170812481808980010e-01
5.103496089999999867e+02	5.055407116080661467e+01
5.084941410000000133e+02	5.731553656842434918e+01
5.066406250000000000e+02	4.895584963123860689e+01
5.047851559999999722e+02	5.923713456654107290e+01
5.029296879999999987e+02	5.039745764296145580e+01
5.010742190000000278e+02	6.886894076119827446e+01
4.992187500000000000e+02	6.694792540649402213e+01
4.973613280000000145e+02	5.971972484115686086e+01
4.955039059999999722e+02	7.264659629976529231e+01
4.936464839999999867e+02	7.542995123156697446e+01
4.917890629999999987e+02	6.081523571242522763e+01
4.899296879999999987e+02	5.463450782224511215e+01
4.880722660000000133e+02	5.000567474380154209e+01
4.862128910000000133e+02	8.377339999268146187e+01
4.843515629999999987e+02	6.155947635720255562e+01
4.824921879999999987e+02	7.087794580089355634e+01
4.806308589999999867e+02	7.255024172026557494e+01
4.787695309999999722e+02	5.829105579682274652e+01
4.769082030000000145e+02	6.951099970081564550e+01
4.750468750000000000e+02	7.234980810843272536e+01
4.731835940000000278e+02	6.360835348895535191e+01
4.713222660000000133e+02	7.626458619030429986e+01
4.694589839999999867e+02	7.683121538214496127e+01
4.675937500000000000e+02	7.893486817847249881e+01
4.657304690000000278e+02	6.855690961531362859e+01
4.638652339999999867e+02	6.753750701523030386e+01
4.620000000000000000e+02	6.405449396687936314e+01
4.601347660000000133e+02	8.217114597265580755e+01
4.582695309999999722e+02	8.345025040763837865e+01
4.564023440000000278e+02	8.454779677005571159e+01
4.545351559999999722e+02	6.856925095535626724e+01
4.526679690000000278e+02	8.888679925336349186e+01
4.508007809999999722e+02	6.383825034141703725e+01
4.489335940000000278e+02	6.016546470626126109e+01
4.470644530000000145e+02	7.100597164763851765e+01
4.451953129999999987e+02	8.116216832353271116e+01
4.433261719999999855e+02	6.291056868978786554e+01
4.414550780000000145e+02	5.494701152584940473e+01
4.395859379999999987e+02	8.010663164387470658e+01
4.377148440000000278e+02	7.544723573948269291e+01
4.358437500000000000e+02	7.115022400252982493e+01
4.339707030000000145e+02	9.420931879161977918e+01
4.320996089999999867e+02	7.386847280506502500e+01
4.302265629999999987e+02	8.688440382788172656e+01
4.283535160000000133e+02	7.325731178469322913e+01
4.264804690000000278e+02	7.864249881667177533e+01
4.246054690000000278e+02	8.895364726820507428e+01
4.227324219999999855e+02	6.809809900147267570e+01
4.208574219999999855e+02	6.856891662754209449e+01
4.189824219999999855e+02	6.982937860522596907e+01
4.171054690000000278e+02	5.399724352446335018e+01
4.152304690000000278e+02	8.224559314035789725e+01
4.133535160000000133e+02	6.424886721699519398e+01
4.114765629999999987e+02	8.149859193156331116e+01
4.095976559999999722e+02	6.926188303766861054e+01
4.077207030000000145e+02	7.194328637028530693e+01
4.058417969999999855e+02	6.910445202866814896e+01
4.039628910000000133e+02	6.667348391792424422e+01
4.020839839999999867e+02	8.440270051380612415e+01
4.002050780000000145e+02	6.409061813591740986e+01
3.983242190000000278e+02	7.626750595901796714e+01
3.964433589999999867e+02	6.781251064186166388e+01
3.945625000000000000e+02	8.007286919070648423e+01
3.926816410000000133e+02	8.260436194165654911e+01
3.907988280000000145e+02	6.600552738524922347e+01
3.889160160000000133e+02	8.477788302031352430e+01
3.870332030000000145e+02	8.093195136582158966e+01
3.851503910000000133e+02	7.989018155761522166e+01
3.832656250000000000e+02	8.317044719888099280e+01
3.813808589999999867e+02	8.428070681236209793e+01
3.794980469999999855e+02	6.091366596476997586e+01
3.776113280000000145e+02	8.712681677078721521e+01
3.757265629999999987e+02	8.124161374190879314e+01
3.738398440000000278e+02	5.988764982758282684e+01
3.719531250000000000e+02	6.989298188777078735e+01
3.700664059999999722e+02	8.525908995822467773e+01
3.681796879999999987e+02	6.346337042479958512e+01
3.662910160000000133e+02	6.539486500438570715e+01
3.644023440000000278e+02	8.990763498264708176e+01
3.625136719999999855e+02	8.617056312097723492e+01
3.606250000000000000e+02	9.104547900255879256e+01
3.587343750000000000e+02	7.649824702491267203e+01
3.568457030000000145e+02	7.291403816395224169e+01
3.549550780000000145e+02	1.029196627319121831e+02
3.530644530000000145e+02	8.499668264441517351e+01
3.511718750000000000e+02	7.802874682076192414e+01
3.492792969999999855e+02	9.853388392562169429e+01
3.473867190000000278e+02	7.130911774358716571e+01
3.454941410000000133e+02	8.280581471024025575e+01
3.436015629999999987e+02	8.927530577628321851e+01
3.417070309999999722e+02	1.074622548144050427e+02
3.398125000000000000e+02	1.130282582176297979e+02
3.379179690000000278e+02	8.361371877752966952e+01
3.360234379999999987e+02	1.023613352609773131e+02
3.341269530000000145e+02	8.270525356350412949e+01
3.322324219999999855e+02	8.735671351441200727e+01
3.303359379999999987e+02	9.586359971600629137e+01
3.284375000000000000e+02	9.317928903453943690e+01
3.265410160000000133e+02	9.459987031572501337e+01
3.246425780000000145e+02	1.065138179040516491e+02
3.227441410000000133e+02	1.019146174246844510e+02
3.208457030000000145e+02	1.089719893635752612e+02
3.189472660000000133e+02	8.328932894904528439e+01
3.170468750000000000e+02	7.364099869965150447e+01
3.151464839999999867e+02	8.466580923588114160e+01
3.132460940000000278e+02	1.127024057032431301e+02
3.113457030000000145e+02	1.182620510802272520e+02
3.094433589999999867e+02	9.501072846184939635e+01
3.075410160000000133e+02	1.102350466671566664e+02
3.056386719999999855e+02	1.099910685546187779e+02
3.037363280000000145e+02	1.127309474779416263e+02
3.018320309999999722e+02	9.449168244121554494e+01
2.999277339999999867e+02	1.017640832038780019e+02
2.980234379999999987e+02	1.123161016985126537e+02
2.961191410000000133e+02	9.377656931742964730e+01
2.942148440000000278e+02	8.998818173257214426e+01
2.923085940000000278e+02	1.177321675356733977e+02
2.904023440000000278e+02	1.052807340386114703e+02
2.884960940000000278e+02	8.663126425512328410e+01
2.865878910000000133e+02	1.010765556996385897e+02
2.846816410000000133e+02	1.070252323593355470e+02
2.827734379999999987e+02	1.172287813517371831e+02
2.808652339999999867e+02	1.024546779422963141e+02
2.789550780000000145e+02	1.067723106231957502e+02
2.770468750000000000e+02	1.045379945411583833e+02
2.751367190000000278e+02	1.076193887333031114e+02
2.732265629999999987e+02	8.145062056337340550e+01
2.713144530000000145e+02	1.050956143852286004e+02
2.694042969999999855e+02	1.024922502718309829e+02
2.674921879999999987e+02	1.181569595372523764e+02
2.655800780000000145e+02	1.076117274961172257e+02
2.636679690000000278e+02	1.165415360236615356e+02
2.617539059999999722e+02	8.804064742775184982e+01
2.598398440000000278e+02	8.994510273818804080e+01
2.579257809999999722e+02	9.307684702861619996e+01
2.560117190000000278e+02	9.789892127130923427e+01
2.540976560000000006e+02	1.035138910004277051e+02
2.521816410000000133e+02	1.002029554335406800e+02
2.502656250000000000e+02	1.308571969615940418e+02
2.483496089999999867e+02	1.135179825707520394e+02
2.464316410000000133e+02	1.274775487517479178e+02
2.445156250000000000e+02	1.042290782492210894e+02
2.425976560000000006e+02	1.056097587659417059e+02
2.406796879999999987e+02	9.746363381287741845e+01
2.387597660000000133e+02	1.068354309126872579e+02
2.368417970000000139e+02	9.493114836849949256e+01
2.349218750000000000e+02	9.575055230355147273e+01
2.330019529999999861e+02	8.960457934338614905e+01
2.310800779999999861e+02	1.044157704926310544e+02
2.291601560000000006e+02	8.158575155714362381e+01
2.272382810000000006e+02	9.870352242127937359e+01
2.253164060000000006e+02	8.681655355480359049e+01
2.233945310000000006e+02	7.864908040329152072e+01
2.214707029999999861e+02	1.065437031636421636e+02
2.195468750000000000e+02	1.099484134887002966e+02
2.176230470000000139e+02	8.744753401112535585e+01
2.156992189999999994e+02	7.751075187359066376e+01
2.137753910000000133e+02	9.122677053345300635e+01
2.118496089999999867e+02	9.533159722182942630e+01
2.099238279999999861e+02	9.511678682855679767e+01
2.079980470000000139e+02	8.548753465551283170e+01
2.060703129999999987e+02	8.502009608633859727e+01
2.041425779999999861e+02	9.596104716112041899e+01
2.022148439999999994e+02	1.027497203459411566e+02
2.002871089999999867e+02	8.186410600322155062e+01
1.983593750000000000e+02	8.076557455650406325e+01
1.964296879999999987e+02	9.108684736239163726e+01
1.945000000000000000e+02	8.905320888645394461e+01
1.925703129999999987e+02	6.922559123570843553e+01
1.906406250000000000e+02	8.452238013597018096e+01
1.887089839999999867e+02	8.896839037645315784e+01
1.867773439999999994e+02	9.124516971975492652e+01
1.848457029999999861e+02	9.483330162546006648e+01
1.829140629999999987e+02	8.603556440823489027e+01
1.809804689999999994e+02	7.129515439119273879e+01
1.790468750000000000e+02	9.294970307082769523e+01
1.771132810000000006e+02	8.889928599006815091e+01
1.751796879999999987e+02	8.550956915207387965e+01
1.732441410000000133e+02	7.074175231502400152e+01
1.713085939999999994e+02	8.453371154621181915e+01
1.693730470000000139e+02	7.815564364710058953e+01
1.674375000000000000e+02	7.476340608455706160e+01
1.655000000000000000e+02	7.582752764864879680e+01
1.635625000000000000e+02	7.985959646990387739e+01
1.616250000000000000e+02	7.954161068982178051e+01
1.596875000000000000e+02	7.667191420944402580e+01
1.577500000000000000e+02	7.624737662572515262e+01
1.558105470000000139e+02	8.589411630737531311e+01
1.538710939999999994e+02	8.428584262129361093e+01
1.519296879999999987e+02	8.543027565133199630e+01
1.499902339999999867e+02	8.617422411076202593e+01
1.480488279999999861e+02	8.359414062871945816e+01
1.461074220000000139e+02	8.902182388879658959e+01
1.441660160000000133e+02	9.377946746941375977e+01
1.422226560000000006e+02	7.767015981485837983e+01
1.402812500000000000e+02	1.008978286083872291e+02
1.383378910000000133e+02	1.171310041032753304e+02
1.363925779999999861e+02	9.825095854570768950e+01
1.344492189999999994e+02	7.768376736540758998e+01
1.325039060000000006e+02	1.021827504167742120e+02
1.305585939999999994e+02	1.098487544973738466e+02
1.286132810000000006e+02	8.303694345881302752e+01
1.266660159999999991e+02	7.794802909334677565e+01
1.247207030000000003e+02	8.655649818691851749e+01
1.227734379999999987e+02	1.086404779792017052e+02
1.208242189999999994e+02	8.806815497043572805e+01
1.188769530000000003e+02	9.775555077429035578e+01
1.169277340000000009e+02	1.073391321199069068e+02
1.149785159999999991e+02	9.655171494736786997e+01
1.130292969999999997e+02	8.139851248360207592e+01
1.110800780000000003e+02	9.008591500864976354e+01
1.091289060000000006e+02	1.387908893994344908e+02
1.071777340000000009e+02	1.496766556870207125e+02
1.052265629999999987e+02	1.210554515617316440e+02
1.032734379999999987e+02	9.405911360840551083e+01
1.013222659999999991e+02	9.483776011432073005e+01
9.936914099999999905e+01	7.606161929848059344e+01
9.741601599999999905e+01	6.781521087732024000e+01
9.546093799999999874e+01	1.036385465528269805e+02
9.350585900000000095e+01	8.987007516353003211e+01
9.155078100000000063e+01	1.043225941028700561e+02
8.959570300000000032e+01	8.625122733198489300e+01
8.764062500000000000e+01	8.829977761688817850e+01
8.568359399999999937e+01	8.854551498669341925e+01
8.372656299999999874e+01	9.824778916462865652e+01
8.176953100000000063e+01	1.107765555653682270e+02
7.981250000000000000e+01	7.960924103620382652e+01
7.785351599999999905e+01	1.121180527335687600e+02
7.589453100000000063e+01	1.197201980018567866e+02
7.393554699999999968e+01	1.295984506198958002e+02
7.197460900000000095e+01	8.700034478017364847e+01
7.001562500000000000e+01	9.317136518871809869e+01
6.805468799999999874e+01	1.253897078256283208e+02
6.609179699999999968e+01	9.816521882391811005e+01
6.413085900000000095e+01	8.727449686486221481e+01
6.216796899999999937e+01	1.334278480604080812e+02
6.020507800000000032e+01	1.364753329737751244e+02
5.824218799999999874e+01	1.025131840234313074e+02
5.627929699999999968e+01	6.657595842887343451e+01
5.431445300000000032e+01	4.687234592088499596e+01
5.234960900000000095e+01	3.369114360364606142e+01
5.038476599999999905e+01	1.799155730937125242e+01
4.841796899999999937e+01	1.409096618692818659e+01
4.645312500000000000e+01	1.357198309262320990e+00
4.448632800000000032e+01	-1.074620507911929046e+01
4.251757800000000032e+01	5.086880822277619174e+00
4.055078100000000063e+01	1.092744916443349901e+01
3.858203100000000063e+01	-2.726937626342836651e+00
3.661328100000000063e+01	-2.487873103827334731e+00
3.464453100000000063e+01	-1.685735473277877539e+00
3.267382800000000032e+01	-2.775869878335379681e+00
3.070507800000000032e+01	-1.881609797154388586e+00
2.873437500000000000e+01	-3.128824338002851757e+00
2.676367199999999968e+01	4.012032241800369547e-01
2.479101599999999905e+01	1.597531902610529908e+00
2.281835900000000095e+01	1.038516840025113019e+00
2.084570300000000032e+01	6.135410937051030800e+00
1.887304699999999968e+01	-1.209846638796614915e+00
1.689843799999999874e+01	-2.104342510755735862e+00
1.492578100000000063e+01	-4.727903088743954818e+00
