# RamanPL_2D export
# map_kind: "integration"
# spectrum_type: "Photoluminescence"
# x_unit: "eV"
# coord_mode: "real"
# step_size: 1.7
# step_unit: "um"
# integration_range: [1.92, 2.02]
# background_remove: false
# baseline_method: "poly"
# 
x	y	integration_area
0.0	0.0	0.39077610185097417
1.7	0.0	0.4678380208263288
3.4	0.0	0.6349738348527553
5.1	0.0	1.249471739563088
6.8	0.0	2.6069033702725695
8.5	0.0	4.360468112558041
10.2	0.0	5.605660339833056
11.9	0.0	6.014305720535777
13.6	0.0	5.938053920472694
15.299999999999999	0.0	5.892669005321541
17.0	0.0	5.7945044775573695
18.7	0.0	5.667621073409007
20.4	0.0	5.289375250897013
22.099999999999998	0.0	5.182761908831452
23.8	0.0	4.7685200684819815
25.5	0.0	4.614953298578359
27.2	0.0	4.417638158307864
28.9	0.0	4.5570512534487175
30.599999999999998	0.0	4.131010066904531
32.3	0.0	3.8539065655418314
34.0	0.0	3.8060747742721355
35.699999999999996	0.0	3.763155529797884
37.4	0.0	3.7531649183548392
39.1	0.0	3.556311371117664
40.8	0.0	3.568134209514045
42.5	0.0	3.465237191898663
44.199999999999996	0.0	3.3840405406163487
45.9	0.0	3.4709229723536184
47.6	0.0	3.40452166071721
49.3	0.0	3.3705944077603025
51.0	0.0	3.3836416427578517
52.699999999999996	0.0	3.185927487624102
54.4	0.0	3.279494679450822
56.1	0.0	3.297393981031111
57.8	0.0	3.2917625730278193
59.5	0.0	3.2630195638008863
61.199999999999996	0.0	3.167627334949827
62.9	0.0	3.199921042338625
64.6	0.0	3.161950105109915
66.3	0.0	3.16374734864852
68.0	0.0	3.0608375126560916
69.7	0.0	3.074740594069809
71.39999999999999	0.0	3.0666688366276134
73.1	0.0	2.9572220964076057
74.8	0.0	2.8693625268542275
76.5	0.0	2.84688767975268
78.2	0.0	2.687859462275257
79.89999999999999	0.0	2.6722803138714646
81.6	0.0	2.5981408609286993
83.3	0.0	2.7824099820947663
85.0	0.0	2.688119093878559
86.7	0.0	2.6575391242999067
88.39999999999999	0.0	2.529408596184498
90.1	0.0	2.258049288860883
91.8	0.0	1.6072219350734795
93.5	0.0	0.9695822495166515
95.2	0.0	0.42257166197234913
96.89999999999999	0.0	0.3232502989231973
98.6	0.0	0.3213571118775445
100.3	0.0	0.287313590595975
102.0	0.0	0.2802158231037783
103.7	0.0	0.3326001706065385
105.39999999999999	0.0	0.2573817336436867
0.0	1.7	0.3551992826581953
1.7	1.7	17.017320912264193
3.4	1.7	21.73621324282628
5.1	1.7	23.472325689574514
6.8	1.7	24.88411002455496
8.5	1.7	30.19275050854288
10.2	1.7	35.31593709562923
11.9	1.7	28.374684120383687
13.6	1.7	27.944966706677402
15.299999999999999	1.7	28.529065441225193
17.0	1.7	21.965257671083997
18.7	1.7	21.23774533278877
20.4	1.7	17.808733388142215
22.099999999999998	1.7	19.03308511820469
23.8	1.7	16.355644526392442
25.5	1.7	16.337156626680013
27.2	1.7	14.398199194542569
28.9	1.7	14.280283653145093
30.599999999999998	1.7	13.343266682373011
32.3	1.7	12.97178578093008
34.0	1.7	12.75497949149518
35.699999999999996	1.7	12.660051108160491
37.4	1.7	12.544531647511146
39.1	1.7	12.497048273812586
40.8	1.7	11.573169614114834
42.5	1.7	11.352082332016353
44.199999999999996	1.7	11.107928397667608
45.9	1.7	10.352420805299626
47.6	1.7	10.18071868823086
49.3	1.7	9.987920686681367
51.0	1.7	9.850031708906698
52.699999999999996	1.7	9.455944631671034
54.4	1.7	9.63279393506656
56.1	1.7	9.571573888377422
57.8	1.7	8.84801453453464
59.5	1.7	8.68907807569548
61.199999999999996	1.7	8.32342857193943
62.9	1.7	7.791724378336992
64.6	1.7	7.216824572683955
66.3	1.7	6.888057389108818
68.0	1.7	6.579361301548524
69.7	1.7	6.170374975671616
71.39999999999999	1.7	5.787327033945728
73.1	1.7	5.49016493194492
74.8	1.7	5.246892577435707
76.5	1.7	4.915470769847753
78.2	1.7	4.428584941472843
79.89999999999999	1.7	4.402374307212165
81.6	1.7	4.308290330744845
83.3	1.7	4.344353691272377
85.0	1.7	4.2686673156914665
86.7	1.7	4.2025192197503225
88.39999999999999	1.7	4.054968856519709
90.1	1.7	3.6899818873376833
91.8	1.7	2.4352947106677245
93.5	1.7	1.5617552846440854
95.2	1.7	0.6287440415024251
96.89999999999999	1.7	0.37930468102612597
98.6	1.7	0.3869761396808786
100.3	1.7	0.33850800718595336
102.0	1.7	0.24488983432839034
103.7	1.7	0.32027946388678913
105.39999999999999	1.7	0.2919393844462734
0.0	3.4	0.3592080693868852
1.7	3.4	4.6032421763138505
3.4	3.4	29.845742933066397
5.1	3.4	32.6567320927116
6.8	3.4	37.698587245254394
8.5	3.4	43.25484887280645
10.2	3.4	47.22022954905969
11.9	3.4	49.83426454055264
13.6	3.4	53.78876402388485
15.299999999999999	3.4	51.2347702268819
17.0	3.4	53.483271084273134
18.7	3.4	52.22397381321284
20.4	3.4	52.2545064138877
22.099999999999998	3.4	51.498287346259275
23.8	3.4	49.472903050416726
25.5	3.4	49.384361266066655
27.2	3.4	51.397899916002814
28.9	3.4	48.760588465398016
30.599999999999998	3.4	48.563874290715844
32.3	3.4	49.49676009720875
34.0	3.4	48.346584773537266
35.699999999999996	3.4	48.64566098559247
37.4	3.4	50.787435515085406
39.1	3.4	49.96762848036616
40.8	3.4	51.75653902157876
42.5	3.4	49.46364888842415
44.199999999999996	3.4	48.28278880359509
45.9	3.4	49.61728061984404
47.6	3.4	47.62325382104236
49.3	3.4	46.52423204879394
51.0	3.4	49.137940357112775
52.699999999999996	3.4	47.71222444139832
54.4	3.4	46.04423964233207
56.1	3.4	49.556222395907966
57.8	3.4	46.884091052127054
59.5	3.4	44.01170933802587
61.199999999999996	3.4	41.540411579991854
62.9	3.4	35.65555250470954
64.6	3.4	29.563446227790436
66.3	3.4	25.00907505916125
68.0	3.4	21.080660134547504
69.7	3.4	18.893628111653744
71.39999999999999	3.4	16.68906070938778
73.1	3.4	15.869977687054412
74.8	3.4	14.90368039666733
76.5	3.4	14.541080354897439
78.2	3.4	13.443694082836275
79.89999999999999	3.4	13.094104884421073
81.6	3.4	12.840386579813543
83.3	3.4	12.67783259971503
85.0	3.4	12.3431108134636
86.7	3.4	11.647451047823239
88.39999999999999	3.4	10.974001177198936
90.1	3.4	9.84148740055299
91.8	3.4	6.86445678666751
93.5	3.4	4.149701447624871
95.2	3.4	1.3675531153373335
96.89999999999999	3.4	0.3917052540785362
98.6	3.4	0.3265569379822037
100.3	3.4	0.41004015321656473
102.0	3.4	0.35073581607932874
103.7	3.4	0.26525260912989995
105.39999999999999	3.4	0.3393414559926318
0.0	5.1	0.31975726760920276
1.7	5.1	0.5896902681752706
3.4	5.1	29.63109990775689
5.1	5.1	29.84083600365108
6.8	5.1	32.56093730508616
8.5	5.1	37.64396727341497
10.2	5.1	44.55553111679942
11.9	5.1	48.150356478998845
13.6	5.1	48.44781776997194
15.299999999999999	5.1	49.08800205184166
17.0	5.1	47.923631151482766
18.7	5.1	48.245035770293136
20.4	5.1	47.971347902372024
22.099999999999998	5.1	47.891591415253195
23.8	5.1	47.89870990210641
25.5	5.1	45.79080600276675
27.2	5.1	46.519112270220916
28.9	5.1	42.7924823573969
30.599999999999998	5.1	45.466543165958896
32.3	5.1	45.29585674258744
34.0	5.1	44.49725932526551
35.699999999999996	5.1	46.067292542398576
37.4	5.1	45.63149685404286
39.1	5.1	46.49503543007444
40.8	5.1	45.56270669859523
42.5	5.1	45.82002518289007
44.199999999999996	5.1	48.80690526275801
45.9	5.1	44.97634095138389
47.6	5.1	48.83040999004435
49.3	5.1	47.77367852857121
51.0	5.1	50.34507323058526
52.699999999999996	5.1	46.76256277548401
54.4	5.1	49.379434887176885
56.1	5.1	53.51297833358437
57.8	5.1	51.61437878962518
59.5	5.1	51.986387159002994
61.199999999999996	5.1	51.01332455185875
62.9	5.1	51.66451609145965
64.6	5.1	51.29436131668907
66.3	5.1	53.51542452462983
68.0	5.1	51.7452773621556
69.7	5.1	52.75199277751102
71.39999999999999	5.1	53.51545804511865
73.1	5.1	54.188743846114654
74.8	5.1	53.78975771944111
76.5	5.1	52.237494110156604
78.2	5.1	53.332967355325295
79.89999999999999	5.1	53.851199288859526
81.6	5.1	51.90063993614178
83.3	5.1	50.52758092409665
85.0	5.1	51.92471673916224
86.7	5.1	47.40464692784611
88.39999999999999	5.1	22.647967420191186
90.1	5.1	16.070651072822056
91.8	5.1	11.439657861447891
93.5	5.1	4.741225283537222
95.2	5.1	1.3278628158025374
96.89999999999999	5.1	0.4593605935501103
98.6	5.1	0.36299869380541294
100.3	5.1	0.3511707798547533
102.0	5.1	0.3413248391316926
103.7	5.1	0.3106174716076654
105.39999999999999	5.1	0.3377130099907696
0.0	6.8	0.43350344028169596
1.7	6.8	0.5584007423028731
3.4	6.8	2.260921558646377
5.1	6.8	34.371221796152334
6.8	6.8	33.17801106084374
8.5	6.8	36.84766002001265
10.2	6.8	38.93763944095452
11.9	6.8	45.68791924778006
13.6	6.8	46.77553719546531
15.299999999999999	6.8	45.42678438968042
17.0	6.8	45.05842790758303
18.7	6.8	43.9745233580517
20.4	6.8	45.16953459621693
22.099999999999998	6.8	44.13675885426893
23.8	6.8	44.10010136245189
25.5	6.8	42.56509591838982
27.2	6.8	41.45264030927018
28.9	6.8	41.138770266876456
30.599999999999998	6.8	41.44389908762253
32.3	6.8	40.668775306425914
34.0	6.8	39.7626334034729
35.699999999999996	6.8	40.476716607601745
37.4	6.8	41.10991774566816
39.1	6.8	41.856904487250766
40.8	6.8	41.367392861835064
42.5	6.8	42.32097976981906
44.199999999999996	6.8	42.69405294787771
45.9	6.8	42.392636326079135
47.6	6.8	43.41471691602768
49.3	6.8	43.51854859157202
51.0	6.8	43.38307164068905
52.699999999999996	6.8	43.13533524122903
54.4	6.8	43.39176120299904
56.1	6.8	45.14195030952133
57.8	6.8	45.65520069232601
59.5	6.8	45.35611067511825
61.199999999999996	6.8	47.78361601210735
62.9	6.8	46.77750308553247
64.6	6.8	45.30712498896
66.3	6.8	47.45016171228419
68.0	6.8	45.209278630278504
69.7	6.8	48.25736211013151
71.39999999999999	6.8	49.19459827710194
73.1	6.8	49.992766529794594
74.8	6.8	49.595695174358546
76.5	6.8	51.91653844763253
78.2	6.8	50.92054465185371
79.89999999999999	6.8	52.44364876848695
81.6	6.8	52.57233368702021
83.3	6.8	54.7068567253048
85.0	6.8	54.28257484739373
86.7	6.8	54.32440307990721
88.39999999999999	6.8	22.93910623706295
90.1	6.8	21.518815138680367
91.8	6.8	14.309956278956307
93.5	6.8	7.483340803132336
95.2	6.8	2.599655811617547
96.89999999999999	6.8	0.465820281628571
98.6	6.8	0.35770920721763827
100.3	6.8	0.413739087202766
102.0	6.8	0.2749293589771301
103.7	6.8	0.3589965932781138
105.39999999999999	6.8	0.2484874760195796
0.0	8.5	0.3603436205503859
1.7	8.5	0.4400345305414828
3.4	8.5	0.6762069183614958
5.1	8.5	25.953348828792937
6.8	8.5	32.847644493413675
8.5	8.5	36.45896965291631
10.2	8.5	40.37229121043515
11.9	8.5	43.517244555471926
13.6	8.5	43.417703560791196
15.299999999999999	8.5	44.730083307298976
17.0	8.5	43.65830213554545
18.7	8.5	41.4723169963181
20.4	8.5	40.393606238309154
22.099999999999998	8.5	39.42488002218237
23.8	8.5	40.447599321058824
25.5	8.5	39.25413039193499
27.2	8.5	37.70435684408103
28.9	8.5	38.32986045062759
30.599999999999998	8.5	37.18770233760401
32.3	8.5	37.86131112257576
34.0	8.5	36.50608949428311
35.699999999999996	8.5	37.5773545062052
37.4	8.5	38.28668686920459
39.1	8.5	38.80203580186954
40.8	8.5	38.68758237371234
42.5	8.5	37.96756462666537
44.199999999999996	8.5	37.417265952836
45.9	8.5	39.963893664983054
47.6	8.5	39.11509298538642
49.3	8.5	40.59025898829624
51.0	8.5	39.140700397499685
52.699999999999996	8.5	40.524299226806015
54.4	8.5	40.19782277522651
56.1	8.5	40.03412386962735
57.8	8.5	40.62032552261738
59.5	8.5	42.012164789215085
61.199999999999996	8.5	41.213540233444654
62.9	8.5	42.63209868934851
64.6	8.5	41.37647535832251
66.3	8.5	42.42782958258996
68.0	8.5	43.54639626896941
69.7	8.5	44.45916143666422
71.39999999999999	8.5	43.8787880107061
73.1	8.5	45.7989039037776
74.8	8.5	45.63437286466784
76.5	8.5	47.738371898619526
78.2	8.5	46.48107994409042
79.89999999999999	8.5	48.341782822337244
81.6	8.5	47.84063363793247
83.3	8.5	52.23982556185719
85.0	8.5	59.46440490206079
86.7	8.5	27.06749928824377
88.39999999999999	8.5	24.909993343731184
90.1	8.5	18.966311171586664
91.8	8.5	10.6539984496046
93.5	8.5	6.35156183061842
95.2	8.5	1.4495170630859133
96.89999999999999	8.5	0.4220593015083691
98.6	8.5	0.4236870581771867
100.3	8.5	0.31126071008921047
102.0	8.5	0.3628831364375315
103.7	8.5	0.35660187981877284
105.39999999999999	8.5	0.3299094624892601
0.0	10.2	0.33291525596071
1.7	10.2	0.44957580686673376
3.4	10.2	0.6064512251331617
5.1	10.2	1.411101181306404
6.8	10.2	33.962097656299704
8.5	10.2	34.551297112561286
10.2	10.2	39.77011590522828
11.9	10.2	42.692780626113795
13.6	10.2	44.818343236272
15.299999999999999	10.2	35.93897093184485
17.0	10.2	37.01978358281482
18.7	10.2	36.71761678589326
20.4	10.2	37.81371361351444
22.099999999999998	10.2	37.44386756645598
23.8	10.2	36.510111846962694
25.5	10.2	38.815773297121055
27.2	10.2	37.423947363096836
28.9	10.2	37.40546195663208
30.599999999999998	10.2	36.11422705844661
32.3	10.2	36.59433258955598
34.0	10.2	36.24304972869026
35.699999999999996	10.2	36.29946207156276
37.4	10.2	37.47012030397936
39.1	10.2	35.99589725977928
40.8	10.2	36.11436934906485
42.5	10.2	34.872331915061636
44.199999999999996	10.2	37.531268784976376
45.9	10.2	36.934050484747004
47.6	10.2	38.31883980330897
49.3	10.2	37.73206586788696
51.0	10.2	38.00247739126867
52.699999999999996	10.2	37.527141277846745
54.4	10.2	35.78995454204177
56.1	10.2	37.194444331016676
57.8	10.2	37.20001200814993
59.5	10.2	38.607014689762465
61.199999999999996	10.2	38.161826225646934
62.9	10.2	38.8053060977591
64.6	10.2	39.63152252399148
66.3	10.2	38.16729388775345
68.0	10.2	40.050852870661615
69.7	10.2	41.01457204100016
71.39999999999999	10.2	40.73855045130109
73.1	10.2	39.9957173279984
74.8	10.2	39.16089725489855
76.5	10.2	39.943735086602686
78.2	10.2	41.3358560838758
79.89999999999999	10.2	43.57435387720554
81.6	10.2	49.42779719011797
83.3	10.2	54.671522482405194
85.0	10.2	36.379834637438314
86.7	10.2	25.92152516690944
88.39999999999999	10.2	23.04406036851734
90.1	10.2	15.780814520411706
91.8	10.2	10.31289918615499
93.5	10.2	4.4967583430079205
95.2	10.2	1.048557266671206
96.89999999999999	10.2	0.43582864028569696
98.6	10.2	0.4382079616718477
100.3	10.2	0.37088070680974483
102.0	10.2	0.33673629939631183
103.7	10.2	0.3094261976840004
105.39999999999999	10.2	0.3350488458389353
0.0	11.9	0.3747833609024682
1.7	11.9	0.4724036078644642
3.4	11.9	0.5198825052672075
5.1	11.9	0.8506798096926813
6.8	11.9	21.722155452108005
8.5	11.9	34.337636387903345
10.2	11.9	37.771021655929445
11.9	11.9	41.31931215532204
13.6	11.9	45.608477513865225
15.299999999999999	11.9	44.853032282096585
17.0	11.9	37.63012056545462
18.7	11.9	36.39212010348953
20.4	11.9	38.149417373527605
22.099999999999998	11.9	38.68421826657932
23.8	11.9	35.59421314140178
25.5	11.9	36.607438534749654
27.2	11.9	32.04486101528856
28.9	11.9	32.443467582058936
30.599999999999998	11.9	34.35682074761119
32.3	11.9	36.67264736545072
34.0	11.9	32.85826481932954
35.699999999999996	11.9	36.13962002830429
37.4	11.9	36.14810474415111
39.1	11.9	34.88182810729718
40.8	11.9	37.187542285168135
42.5	11.9	36.7436137670307
44.199999999999996	11.9	39.29671044758199
45.9	11.9	39.65679518928242
47.6	11.9	38.30088051845168
49.3	11.9	36.19687226235521
51.0	11.9	37.54201450103684
52.699999999999996	11.9	33.54501511262445
54.4	11.9	34.09595704079372
56.1	11.9	36.56591487884865
57.8	11.9	34.466186491800165
59.5	11.9	31.79866277665619
61.199999999999996	11.9	33.79708983451453
62.9	11.9	34.45368572904622
64.6	11.9	35.81874888778509
66.3	11.9	33.999084533587045
68.0	11.9	35.52780580306093
69.7	11.9	37.49241913910198
71.39999999999999	11.9	38.08029699434134
73.1	11.9	38.24930504940293
74.8	11.9	38.74853516999667
76.5	11.9	40.53720656061448
78.2	11.9	45.724880279438814
79.89999999999999	11.9	47.754600492477735
81.6	11.9	54.179390205511865
83.3	11.9	33.42956291279681
85.0	11.9	27.05778909364926
86.7	11.9	24.1891098106125
88.39999999999999	11.9	18.834074117829076
90.1	11.9	11.465322014739987
91.8	11.9	6.021653704207946
93.5	11.9	2.5400502790671213
95.2	11.9	0.8674719087055683
96.89999999999999	11.9	0.41479245520316405
98.6	11.9	0.42746556849026296
100.3	11.9	0.33350727734599844
102.0	11.9	0.32469013752437087
103.7	11.9	0.26228280910331275
105.39999999999999	11.9	0.356538027585705
0.0	13.6	0.3596006644503385
1.7	13.6	0.42396399567758863
3.4	13.6	0.5228858362924502
5.1	13.6	0.547290032894196
6.8	13.6	1.3319734399999184
8.5	13.6	33.69271492662356
10.2	13.6	34.731846331813585
11.9	13.6	39.324908829584395
13.6	13.6	42.981791874657766
15.299999999999999	13.6	44.82586860077659
17.0	13.6	42.683155971796985
18.7	13.6	41.18821528510962
20.4	13.6	31.072399542836475
22.099999999999998	13.6	38.41261061998536
23.8	13.6	37.48739212045204
25.5	13.6	35.578139172034234
27.2	13.6	34.765737897381136
28.9	13.6	34.99957860876222
30.599999999999998	13.6	36.44366389628759
32.3	13.6	36.37254196170784
34.0	13.6	33.3236486460199
35.699999999999996	13.6	32.43962170260115
37.4	13.6	33.23255846149968
39.1	13.6	33.462061252485015
40.8	13.6	33.58804349275973
42.5	13.6	36.0949973606659
44.199999999999996	13.6	38.59806191119968
45.9	13.6	36.89324561994036
47.6	13.6	35.555418966468615
49.3	13.6	35.77722409727234
51.0	13.6	32.112420486984185
52.699999999999996	13.6	32.30782624584852
54.4	13.6	32.55433545361169
56.1	13.6	31.590223393759267
57.8	13.6	34.37997532999338
59.5	13.6	35.6947604851511
61.199999999999996	13.6	35.90074630108101
62.9	13.6	33.271812263501396
64.6	13.6	35.26097015529295
66.3	13.6	39.261272853401536
68.0	13.6	40.40060025562185
69.7	13.6	41.3567101267822
71.39999999999999	13.6	42.8388810135671
73.1	13.6	41.707268589722965
74.8	13.6	42.78863182943299
76.5	13.6	46.202380931315275
78.2	13.6	48.29011530744282
79.89999999999999	13.6	53.196641483444786
81.6	13.6	59.24415950832135
83.3	13.6	27.512978079272344
85.0	13.6	27.623740059597914
86.7	13.6	20.471214189382287
88.39999999999999	13.6	14.698695529186324
90.1	13.6	8.766906871428683
91.8	13.6	4.52639020729562
93.5	13.6	2.0255321752087547
95.2	13.6	0.8134072414659911
96.89999999999999	13.6	0.5014434420154412
98.6	13.6	0.4236561740149504
100.3	13.6	0.39044098875434374
102.0	13.6	0.4074855407708674
103.7	13.6	0.29744547942579835
105.39999999999999	13.6	0.24879374296628867
0.0	15.299999999999999	0.25631257925358214
1.7	15.299999999999999	0.34845981327365483
3.4	15.299999999999999	0.4761740130322482
5.1	15.299999999999999	0.4616896791245987
6.8	15.299999999999999	0.7531363766312987
8.5	15.299999999999999	7.36644776858835
10.2	15.299999999999999	33.406995155060876
11.9	15.299999999999999	34.92920604776778
13.6	15.299999999999999	39.23168206881986
15.299999999999999	15.299999999999999	43.830604672607485
17.0	15.299999999999999	43.15883614690258
18.7	15.299999999999999	44.31528639169137
20.4	15.299999999999999	41.487943584808704
22.099999999999998	15.299999999999999	31.999426534001696
23.8	15.299999999999999	34.380019774533935
25.5	15.299999999999999	36.58578591845857
27.2	15.299999999999999	35.383011691413515
28.9	15.299999999999999	33.717804478415815
30.599999999999998	15.299999999999999	36.070085284331434
32.3	15.299999999999999	35.144210521153234
34.0	15.299999999999999	35.419382013169006
35.699999999999996	15.299999999999999	36.35020943340912
37.4	15.299999999999999	35.55583869504066
39.1	15.299999999999999	35.830959986517705
40.8	15.299999999999999	35.95011823721077
42.5	15.299999999999999	33.408953492057776
44.199999999999996	15.299999999999999	34.49994127038408
45.9	15.299999999999999	41.32045852397836
47.6	15.299999999999999	32.03912675472587
49.3	15.299999999999999	34.19382247500263
51.0	15.299999999999999	32.186019888115915
52.699999999999996	15.299999999999999	32.56511010988807
54.4	15.299999999999999	35.8589482907572
56.1	15.299999999999999	35.963070378609736
57.8	15.299999999999999	36.66565180952391
59.5	15.299999999999999	37.15280243768883
61.199999999999996	15.299999999999999	38.202803571953226
62.9	15.299999999999999	38.2218857198267
64.6	15.299999999999999	40.778440818288274
66.3	15.299999999999999	39.7155856059086
68.0	15.299999999999999	40.34380274871433
69.7	15.299999999999999	41.44021586575935
71.39999999999999	15.299999999999999	41.65679092413408
73.1	15.299999999999999	43.28556570041719
74.8	15.299999999999999	44.30252905631539
76.5	15.299999999999999	47.39513486325282
78.2	15.299999999999999	49.33997573970611
79.89999999999999	15.299999999999999	56.954220212343806
81.6	15.299999999999999	28.25259998498074
83.3	15.299999999999999	28.19393951199802
85.0	15.299999999999999	24.102554035387076
86.7	15.299999999999999	18.196256292243692
88.39999999999999	15.299999999999999	11.813712795069069
90.1	15.299999999999999	6.333457747152703
91.8	15.299999999999999	3.0745090064299414
93.5	15.299999999999999	1.6505178435636572
95.2	15.299999999999999	0.6560518643781874
96.89999999999999	15.299999999999999	0.5127325196003361
98.6	15.299999999999999	0.3867702445498349
100.3	15.299999999999999	0.4039747298482921
102.0	15.299999999999999	0.3602337666444622
103.7	15.299999999999999	0.3491566908757029
105.39999999999999	15.299999999999999	0.3470247395133769
0.0	17.0	0.36693387010160805
1.7	17.0	0.28237689409028677
3.4	17.0	0.41570369376508104
5.1	17.0	0.45266207033914324
6.8	17.0	0.5548389592322033
8.5	17.0	1.0951325224808817
10.2	17.0	31.954183773531934
11.9	17.0	34.67172510472657
13.6	17.0	38.23894129647489
15.299999999999999	17.0	40.38670458688259
17.0	17.0	42.61297724472514
18.7	17.0	41.148394048583
20.4	17.0	38.3239636979429
22.099999999999998	17.0	38.50031814325636
23.8	17.0	34.65645183555248
25.5	17.0	29.993068576218313
27.2	17.0	33.57756896351371
28.9	17.0	34.284308928382195
30.599999999999998	17.0	34.88535781723409
32.3	17.0	34.0805316189587
34.0	17.0	34.75888375086632
35.699999999999996	17.0	35.46257837547486
37.4	17.0	35.02293071537031
39.1	17.0	34.67338341126515
40.8	17.0	32.35039522482615
42.5	17.0	34.45362955748175
44.199999999999996	17.0	32.7551578587084
45.9	17.0	29.181990522999893
47.6	17.0	32.58191593830832
49.3	17.0	33.83048010279222
51.0	17.0	34.59356586533234
52.699999999999996	17.0	35.632948088615564
54.4	17.0	34.445924033522545
56.1	17.0	36.02347591386425
57.8	17.0	36.23018683648729
59.5	17.0	36.11969416364194
61.199999999999996	17.0	38.71211414066098
62.9	17.0	38.03316149441167
64.6	17.0	40.432383337868025
66.3	17.0	39.01856614103765
68.0	17.0	36.356735902049934
69.7	17.0	38.15855204003882
71.39999999999999	17.0	41.521265702323
73.1	17.0	43.57543621805204
74.8	17.0	45.42066788523251
76.5	17.0	47.4673933938681
78.2	17.0	53.86843504318989
79.89999999999999	17.0	63.2343709309949
81.6	17.0	29.497546384337262
83.3	17.0	28.99774549182828
85.0	17.0	25.367191882294463
86.7	17.0	19.288216362456264
88.39999999999999	17.0	11.76578683313025
90.1	17.0	6.103650036905584
91.8	17.0	2.7683603211533505
93.5	17.0	1.2972547237407215
95.2	17.0	0.7118400290722869
96.89999999999999	17.0	0.5737563180067365
98.6	17.0	0.4806987739915983
100.3	17.0	0.27651906663852616
102.0	17.0	0.37498703950414286
103.7	17.0	0.3306419050536006
105.39999999999999	17.0	0.31744885699281655
0.0	18.7	0.3844209360737441
1.7	18.7	0.3670070252830547
3.4	18.7	0.42950521178008794
5.1	18.7	0.48857562567309354
6.8	18.7	0.496995255583489
8.5	18.7	0.7487128429142396
10.2	18.7	3.1457816852986817
11.9	18.7	37.344898233309294
13.6	18.7	34.81433832276855
15.299999999999999	18.7	39.432950364822574
17.0	18.7	43.44206947683562
18.7	18.7	42.258986700472505
20.4	18.7	39.72292214227777
22.099999999999998	18.7	38.303193402845686
23.8	18.7	38.30428801979486
25.5	18.7	36.928566769148155
27.2	18.7	33.066426933188005
28.9	18.7	30.839698605502978
30.599999999999998	18.7	33.4475771459644
32.3	18.7	33.3260833892309
34.0	18.7	33.115287084023464
35.699999999999996	18.7	33.14961492270146
37.4	18.7	33.46831443291711
39.1	18.7	31.08683352604212
40.8	18.7	34.20227689946112
42.5	18.7	32.020685418001634
44.199999999999996	18.7	31.938377717378135
45.9	18.7	28.726860846913183
47.6	18.7	30.018079581742988
49.3	18.7	31.68789813881644
51.0	18.7	32.93592905842625
52.699999999999996	18.7	32.04260098016979
54.4	18.7	32.69265762248446
56.1	18.7	32.4728174249997
57.8	18.7	34.9013831300464
59.5	18.7	35.94515229668849
61.199999999999996	18.7	35.27926245000854
62.9	18.7	35.65974326801638
64.6	18.7	37.10870901009066
66.3	18.7	35.919807720622
68.0	18.7	39.96607103791708
69.7	18.7	40.113816400912185
71.39999999999999	18.7	43.466843390771345
73.1	18.7	43.01375998752758
74.8	18.7	46.968494912506856
76.5	18.7	50.9602817676148
78.2	18.7	60.75518016265666
79.89999999999999	18.7	27.948291093452145
81.6	18.7	72.05787548772877
83.3	18.7	29.830608980968453
85.0	18.7	29.45724153295223
86.7	18.7	22.76849516758321
88.39999999999999	18.7	15.803344029903643
90.1	18.7	6.92661594066183
91.8	18.7	2.8601436525174404
93.5	18.7	1.2996297100818255
95.2	18.7	0.7866716573354339
96.89999999999999	18.7	0.5784230025187541
98.6	18.7	0.45907650285545076
100.3	18.7	0.4190671605315605
102.0	18.7	0.4159922831408651
103.7	18.7	0.3703151930813738
105.39999999999999	18.7	0.2460286457732795
0.0	20.4	0.34296947948049195
1.7	20.4	0.33474246741955305
3.4	20.4	0.3472628493284315
5.1	20.4	0.4497234663131635
6.8	20.4	0.449069157534481
8.5	20.4	0.6038176745647624
10.2	20.4	0.9625071126979061
11.9	20.4	25.884076540005278
13.6	20.4	36.644641842441246
15.299999999999999	20.4	37.48429282137299
17.0	20.4	37.76574055719051
18.7	20.4	43.66410891261257
20.4	20.4	37.51368992756105
22.099999999999998	20.4	40.16535515162084
23.8	20.4	38.84982106504886
25.5	20.4	36.72870243045213
27.2	20.4	35.95985564276898
28.9	20.4	35.71810156247939
30.599999999999998	20.4	32.776250886971255
32.3	20.4	33.28940069872749
34.0	20.4	33.70013368126021
35.699999999999996	20.4	33.04435038845177
37.4	20.4	31.25937911062914
39.1	20.4	31.34602328403525
40.8	20.4	31.13421018616262
42.5	20.4	30.644034669482114
44.199999999999996	20.4	31.053212595758428
45.9	20.4	31.502856114770154
47.6	20.4	30.431595113290573
49.3	20.4	30.456098799526163
51.0	20.4	29.70378786321269
52.699999999999996	20.4	31.817185327460944
54.4	20.4	31.347032254227024
56.1	20.4	33.48778711134927
57.8	20.4	31.61584407989516
59.5	20.4	35.01704588302935
61.199999999999996	20.4	35.63822511150999
62.9	20.4	32.394688835649184
64.6	20.4	37.18765262297116
66.3	20.4	39.063129093730545
68.0	20.4	39.3232540164661
69.7	20.4	42.78694499474398
71.39999999999999	20.4	42.3014531611175
73.1	20.4	44.8668101477713
74.8	20.4	48.74706160864934
76.5	20.4	53.33829932326476
78.2	20.4	63.35945315436612
79.89999999999999	20.4	65.07289468169063
81.6	20.4	66.83659518278934
83.3	20.4	37.40012351939348
85.0	20.4	34.579650709044124
86.7	20.4	24.839753812491605
88.39999999999999	20.4	17.408712619964824
90.1	20.4	9.842628917294276
91.8	20.4	3.867932097656453
93.5	20.4	2.0030836478504237
95.2	20.4	1.0368580360173114
96.89999999999999	20.4	0.674031107865387
98.6	20.4	0.5786287114085964
100.3	20.4	0.4260030549566439
102.0	20.4	0.32497897333127485
103.7	20.4	0.26832168148739555
105.39999999999999	20.4	0.3189060386039276
0.0	22.099999999999998	0.3096841975235286
1.7	22.099999999999998	0.3153968500168544
3.4	22.099999999999998	0.42033276444104156
5.1	22.099999999999998	0.3727243934136295
6.8	22.099999999999998	0.38924871063633437
8.5	22.099999999999998	0.5449186871937414
10.2	22.099999999999998	0.700198688814502
11.9	22.099999999999998	2.047127075025204
13.6	22.099999999999998	36.019930546308224
15.299999999999999	22.099999999999998	35.38153361195363
17.0	22.099999999999998	38.27872911446364
18.7	22.099999999999998	40.518435570448794
20.4	22.099999999999998	38.5917849543925
22.099999999999998	22.099999999999998	37.690171755216696
23.8	22.099999999999998	36.771210304959986
25.5	22.099999999999998	37.07087244389488
27.2	22.099999999999998	35.63495038489191
28.9	22.099999999999998	36.87386910561224
30.599999999999998	22.099999999999998	35.41521175240984
32.3	22.099999999999998	34.31859944060249
34.0	22.099999999999998	32.617016773003385
35.699999999999996	22.099999999999998	31.199602019126388
37.4	22.099999999999998	31.33956984850968
39.1	22.099999999999998	30.54972432651505
40.8	22.099999999999998	31.711755618914015
42.5	22.099999999999998	31.390055905952536
44.199999999999996	22.099999999999998	30.144324914347727
45.9	22.099999999999998	30.272961955769134
47.6	22.099999999999998	30.88624964589813
49.3	22.099999999999998	30.826473938744563
51.0	22.099999999999998	31.189208944260834
52.699999999999996	22.099999999999998	31.198901410010766
54.4	22.099999999999998	30.636296155745264
56.1	22.099999999999998	31.116740595408505
57.8	22.099999999999998	30.995225992154882
59.5	22.099999999999998	31.717281200235362
61.199999999999996	22.099999999999998	31.91613416244818
62.9	22.099999999999998	36.35611013359245
64.6	22.099999999999998	37.60747213392119
66.3	22.099999999999998	38.26863025594862
68.0	22.099999999999998	42.16746019680673
69.7	22.099999999999998	41.196387510738184
71.39999999999999	22.099999999999998	44.376385178033054
73.1	22.099999999999998	47.726222279774326
74.8	22.099999999999998	51.806270946418195
76.5	22.099999999999998	62.26694143795179
78.2	22.099999999999998	54.11448099722928
79.89999999999999	22.099999999999998	64.68027294186201
81.6	22.099999999999998	59.58511832538104
83.3	22.099999999999998	63.234440748987595
85.0	22.099999999999998	35.88957349322019
86.7	22.099999999999998	28.54233052887047
88.39999999999999	22.099999999999998	21.251797836558623
90.1	22.099999999999998	14.042490506281194
91.8	22.099999999999998	6.949448918158411
93.5	22.099999999999998	3.222012781361502
95.2	22.099999999999998	1.3238083962885985
96.89999999999999	22.099999999999998	0.7948793285803875
98.6	22.099999999999998	0.6024986464181002
100.3	22.099999999999998	0.4055245518303065
102.0	22.099999999999998	0.4151838529861794
103.7	22.099999999999998	0.43086820570546347
105.39999999999999	22.099999999999998	0.30255776795108075
0.0	23.8	0.27700875026874916
1.7	23.8	0.3146204508530723
3.4	23.8	0.2855087023668549
5.1	23.8	0.2808034328793829
6.8	23.8	0.47000889983622457
8.5	23.8	0.3692782338978963
10.2	23.8	0.5082332377242372
11.9	23.8	0.7238842352695934
13.6	23.8	10.922005130842964
15.299999999999999	23.8	34.90460760232444
17.0	23.8	34.588233647278784
18.7	23.8	36.73663823253229
20.4	23.8	39.470294943250984
22.099999999999998	23.8	41.17149627853713
23.8	23.8	38.34500271079193
25.5	23.8	37.69028784351937
27.2	23.8	35.51328806572147
28.9	23.8	34.06914097078829
30.599999999999998	23.8	35.07244783448124
32.3	23.8	33.51184848013408
34.0	23.8	32.67282260210903
35.699999999999996	23.8	31.83764532221567
37.4	23.8	34.021594910381594
39.1	23.8	33.8406266326458
40.8	23.8	34.28831287095272
42.5	23.8	33.091083941211544
44.199999999999996	23.8	29.44419731533619
45.9	23.8	31.518166708613975
47.6	23.8	31.639837730432887
49.3	23.8	31.62740136704609
51.0	23.8	32.18846656142939
52.699999999999996	23.8	34.11119115504023
54.4	23.8	34.28987619680005
56.1	23.8	33.94948246649596
57.8	23.8	32.00647970332713
59.5	23.8	34.71109406353103
61.199999999999996	23.8	34.07991420798449
62.9	23.8	35.156806482671634
64.6	23.8	35.795060953083556
66.3	23.8	38.72511398884541
68.0	23.8	42.0766082470803
69.7	23.8	44.56597613911954
71.39999999999999	23.8	45.93279691419517
73.1	23.8	47.883596082522324
74.8	23.8	59.490564351215355
76.5	23.8	31.276221810260044
78.2	23.8	67.23926457542937
79.89999999999999	23.8	57.826355584152886
81.6	23.8	59.218534831171915
83.3	23.8	62.67906539467134
85.0	23.8	64.44005906234628
86.7	23.8	29.954213425987145
88.39999999999999	23.8	25.876904702255818
90.1	23.8	19.965235413424328
91.8	23.8	13.113733872253517
93.5	23.8	5.513980415316869
95.2	23.8	2.1787843945200063
96.89999999999999	23.8	1.0326698724791892
98.6	23.8	0.6268104978766142
100.3	23.8	0.5069945139334074
102.0	23.8	0.42663623610159895
103.7	23.8	0.3792263704446989
105.39999999999999	23.8	0.3338607218275878
0.0	25.5	0.280414734124781
1.7	25.5	0.3612473501922997
3.4	25.5	0.30190713574739164
5.1	25.5	0.2136438428778065
6.8	25.5	0.2784762689391287
8.5	25.5	0.48643883506318364
10.2	25.5	0.47467652848191183
11.9	25.5	0.6231145212654126
13.6	25.5	1.2454104415127139
15.299999999999999	25.5	30.513354495474957
17.0	25.5	33.40209212701965
18.7	25.5	38.11942552248091
20.4	25.5	38.30050643097735
22.099999999999998	25.5	41.10597855572749
23.8	25.5	37.21720354330635
25.5	25.5	35.9478917354279
27.2	25.5	36.12377990250979
28.9	25.5	35.41237461711186
30.599999999999998	25.5	31.762692349998574
32.3	25.5	33.50481810190218
34.0	25.5	30.21542778487013
35.699999999999996	25.5	31.643650276314663
37.4	25.5	31.878104565232057
39.1	25.5	36.274980581044645
40.8	25.5	35.896384740341276
42.5	25.5	35.710742536119646
44.199999999999996	25.5	36.167043088303465
45.9	25.5	35.11733089137546
47.6	25.5	35.31629252656502
49.3	25.5	35.47317357799387
51.0	25.5	36.00699601807129
52.699999999999996	25.5	39.766241570712715
54.4	25.5	36.95684282412871
56.1	25.5	34.16819168008984
57.8	25.5	35.09870109219643
59.5	25.5	32.68888000070713
61.199999999999996	25.5	34.70430920443756
62.9	25.5	35.78230008380123
64.6	25.5	38.093116120318406
66.3	25.5	42.87371302321742
68.0	25.5	40.793815070814375
69.7	25.5	45.21103602885249
71.39999999999999	25.5	48.56392128390758
73.1	25.5	53.51846479828694
74.8	25.5	62.24598097619818
76.5	25.5	37.47252109754841
78.2	25.5	63.102240287675585
79.89999999999999	25.5	59.08467438993702
81.6	25.5	59.41907465309931
83.3	25.5	60.549041319935675
85.0	25.5	61.2500572117596
86.7	25.5	52.93172573183901
88.39999999999999	25.5	27.318428685538095
90.1	25.5	23.49840075321282
91.8	25.5	17.055553673916535
93.5	25.5	9.744973181492416
95.2	25.5	3.641869648594944
96.89999999999999	25.5	1.4443985323667927
98.6	25.5	0.8488663697718629
100.3	25.5	0.5204106120407715
102.0	25.5	0.4956848770704554
103.7	25.5	0.4110285720731044
105.39999999999999	25.5	0.38333873788936357
0.0	27.2	0.3182145030899777
1.7	27.2	0.2957173720588518
3.4	27.2	0.3471670338780826
5.1	27.2	0.2845018106827931
6.8	27.2	0.337094969998939
8.5	27.2	0.36135418534159475
10.2	27.2	0.37811362464570725
11.9	27.2	0.5118838194832472
13.6	27.2	0.7970512217543668
15.299999999999999	27.2	7.375472328142906
17.0	27.2	33.99571584347891
18.7	27.2	36.74782334340598
20.4	27.2	39.89145772159565
22.099999999999998	27.2	39.643949681635185
23.8	27.2	39.23739751508171
25.5	27.2	38.408569034030265
27.2	27.2	37.57679586385935
28.9	27.2	33.26841479777211
30.599999999999998	27.2	35.29408944025521
32.3	27.2	34.14771873448136
34.0	27.2	31.873806730073472
35.699999999999996	27.2	34.05042972157852
37.4	27.2	30.091532618385706
39.1	27.2	35.44696604077702
40.8	27.2	33.894275713477604
42.5	27.2	32.660820857363554
44.199999999999996	27.2	35.218966612369364
45.9	27.2	40.011394332960364
47.6	27.2	40.499240791715934
49.3	27.2	34.80408891296674
51.0	27.2	39.01399224640999
52.699999999999996	27.2	36.85399452569111
54.4	27.2	35.07016256648149
56.1	27.2	32.37992804673767
57.8	27.2	32.24690883322297
59.5	27.2	35.249978490904006
61.199999999999996	27.2	35.655868083816856
62.9	27.2	38.72227065797229
64.6	27.2	39.58353355883443
66.3	27.2	42.64286071991146
68.0	27.2	42.63806068218935
69.7	27.2	42.72660946925435
71.39999999999999	27.2	52.60441600450588
73.1	27.2	55.71040818819428
74.8	27.2	40.725183932612175
76.5	27.2	65.2161475589394
78.2	27.2	59.104865872033955
79.89999999999999	27.2	57.07499853512784
81.6	27.2	56.10031409193527
83.3	27.2	55.783657978318466
85.0	27.2	59.301743843114565
86.7	27.2	61.59400742035617
88.39999999999999	27.2	29.18105729185804
90.1	27.2	26.79306777168429
91.8	27.2	22.24546832739158
93.5	27.2	15.709157138179615
95.2	27.2	6.175091289938337
96.89999999999999	27.2	2.4183263812454614
98.6	27.2	0.9391003996308128
100.3	27.2	0.624450008455952
102.0	27.2	0.5597962961985435
103.7	27.2	0.44238588928858924
105.39999999999999	27.2	0.4454314561230415
0.0	28.9	0.2932007731280619
1.7	28.9	0.2658671912174313
3.4	28.9	0.3761535404294857
5.1	28.9	0.331390603481228
6.8	28.9	0.3067840334793287
8.5	28.9	0.39838769003449687
10.2	28.9	0.42632050476311534
11.9	28.9	0.5093691983822691
13.6	28.9	0.5611134079317194
15.299999999999999	28.9	1.0497800830096595
17.0	28.9	32.40818426847033
18.7	28.9	34.2545270138596
20.4	28.9	36.1670247005067
22.099999999999998	28.9	38.65931602108072
23.8	28.9	40.46882066535696
25.5	28.9	38.598181384547516
27.2	28.9	37.95778842657723
28.9	28.9	36.12022631759513
30.599999999999998	28.9	35.68886643459054
32.3	28.9	37.05812842110671
34.0	28.9	31.252339092074166
35.699999999999996	28.9	31.09107705921018
37.4	28.9	31.70032048008273
39.1	28.9	30.032759238625648
40.8	28.9	30.766405817128565
42.5	28.9	35.33877321522236
44.199999999999996	28.9	33.4537417237099
45.9	28.9	35.07179768973531
47.6	28.9	31.408644535987282
49.3	28.9	41.05182902274817
51.0	28.9	39.344950707337084
52.699999999999996	28.9	35.33664863842702
54.4	28.9	34.45728493388964
56.1	28.9	33.38417300024111
57.8	28.9	32.84856137129045
59.5	28.9	36.37082421503887
61.199999999999996	28.9	38.157846348088945
62.9	28.9	40.60541588130809
64.6	28.9	40.79518277070765
66.3	28.9	43.20493773602396
68.0	28.9	45.48290869482916
69.7	28.9	49.36435402383121
71.39999999999999	28.9	56.328291286853606
73.1	28.9	31.070015797590376
74.8	28.9	69.63273135850469
76.5	28.9	59.493894661281324
78.2	28.9	57.35748674253516
79.89999999999999	28.9	56.324120686796654
81.6	28.9	53.03579337014794
83.3	28.9	53.62531122723564
85.0	28.9	53.02231500749261
86.7	28.9	58.76046025891559
88.39999999999999	28.9	59.65160411770754
90.1	28.9	27.23695207220612
91.8	28.9	24.626004992495766
93.5	28.9	17.968249672351885
95.2	28.9	10.256774912674864
96.89999999999999	28.9	3.8255904531388505
98.6	28.9	1.56991458767707
100.3	28.9	0.8634764586419486
102.0	28.9	0.5570611524998557
103.7	28.9	0.5254361903381007
105.39999999999999	28.9	0.3784805028377325
0.0	30.599999999999998	0.2662817508781549
1.7	30.599999999999998	0.3542508793340807
3.4	30.599999999999998	0.34518615079969384
5.1	30.599999999999998	0.31160113423330515
6.8	30.599999999999998	0.3708338415375884
8.5	30.599999999999998	0.3915219201320777
10.2	30.599999999999998	0.4151333104959575
11.9	30.599999999999998	0.457139824140884
13.6	30.599999999999998	0.5282856774993231
15.299999999999999	30.599999999999998	0.6568862672808095
17.0	30.599999999999998	2.992204945340099
18.7	30.599999999999998	35.716300466009564
20.4	30.599999999999998	34.88632708761503
22.099999999999998	30.599999999999998	37.92924335300377
23.8	30.599999999999998	40.23331540906621
25.5	30.599999999999998	39.20164757815414
27.2	30.599999999999998	36.850510046796096
28.9	30.599999999999998	31.57407235825417
30.599999999999998	30.599999999999998	36.200354017130515
32.3	30.599999999999998	34.81575301832275
34.0	30.599999999999998	35.33548904975609
35.699999999999996	30.599999999999998	34.41086248757355
37.4	30.599999999999998	31.842867428145244
39.1	30.599999999999998	30.72422696561587
40.8	30.599999999999998	31.818289755015407
42.5	30.599999999999998	33.242501938492865
44.199999999999996	30.599999999999998	38.163376481688374
45.9	30.599999999999998	33.58257153791646
47.6	30.599999999999998	42.026487106411096
49.3	30.599999999999998	35.35883716377684
51.0	30.599999999999998	35.701147700459465
52.699999999999996	30.599999999999998	33.425899520083405
54.4	30.599999999999998	33.49413780659236
56.1	30.599999999999998	32.872088482334135
57.8	30.599999999999998	35.001453428551876
59.5	30.599999999999998	36.2157810952784
61.199999999999996	30.599999999999998	37.64056634357698
62.9	30.599999999999998	41.228085751619176
64.6	30.599999999999998	43.77765992611495
66.3	30.599999999999998	44.48592273587741
68.0	30.599999999999998	47.806548607791214
69.7	30.599999999999998	53.86977943475378
71.39999999999999	30.599999999999998	59.26981757878091
73.1	30.599999999999998	44.505847160772596
74.8	30.599999999999998	63.975598722070174
76.5	30.599999999999998	59.80700275142349
78.2	30.599999999999998	58.8795591416269
79.89999999999999	30.599999999999998	54.29762221026065
81.6	30.599999999999998	52.028297538659544
83.3	30.599999999999998	51.10937894909118
85.0	30.599999999999998	51.157848995152115
86.7	30.599999999999998	54.30145068739923
88.39999999999999	30.599999999999998	59.58367054970097
90.1	30.599999999999998	35.3772714103633
91.8	30.599999999999998	27.8975504501785
93.5	30.599999999999998	23.505803725895973
95.2	30.599999999999998	15.975204411025032
96.89999999999999	30.599999999999998	6.472884600713788
98.6	30.599999999999998	2.430260281639232
100.3	30.599999999999998	1.018247071114981
102.0	30.599999999999998	0.6490253871478651
103.7	30.599999999999998	0.58394911595896
105.39999999999999	30.599999999999998	0.4679902034897531
0.0	32.3	0.32167089468354926
1.7	32.3	0.32871724704100136
3.4	32.3	0.3359153904025036
5.1	32.3	0.3493091447782358
6.8	32.3	0.3111025674475209
8.5	32.3	0.35704065995169043
10.2	32.3	0.39886090131738444
11.9	32.3	0.41324665748497563
13.6	32.3	0.49759491300970493
15.299999999999999	32.3	0.5095561990078972
17.0	32.3	0.9355383164855375
18.7	32.3	25.43378067015009
20.4	32.3	34.83202911610384
22.099999999999998	32.3	35.62735894314888
23.8	32.3	39.965482734969356
25.5	32.3	41.726239546677434
27.2	32.3	38.65106786884663
28.9	32.3	38.81823181662592
30.599999999999998	32.3	36.01123057665372
32.3	32.3	35.045589995303445
34.0	32.3	33.564281101367904
35.699999999999996	32.3	35.224382537669165
37.4	32.3	33.629271006998806
39.1	32.3	32.918961755021414
40.8	32.3	30.563475953821605
42.5	32.3	33.624585956786746
44.199999999999996	32.3	35.34896214682269
45.9	32.3	34.08273784843197
47.6	32.3	38.273675915219144
49.3	32.3	37.3181063608017
51.0	32.3	35.96844762795944
52.699999999999996	32.3	31.0971601778586
54.4	32.3	32.27717007885623
56.1	32.3	32.4350820513875
57.8	32.3	34.962499133803234
59.5	32.3	38.98990862014944
61.199999999999996	32.3	40.379610503606905
62.9	32.3	41.94817011706097
64.6	32.3	43.728987188590175
66.3	32.3	46.79690986253814
68.0	32.3	50.55835996051098
69.7	32.3	60.36740074455951
71.39999999999999	32.3	37.322317196675634
73.1	32.3	68.13844717926821
74.8	32.3	60.660067045023645
76.5	32.3	59.12862498992855
78.2	32.3	56.35395091477202
79.89999999999999	32.3	52.88329946211648
81.6	32.3	51.35899306782038
83.3	32.3	49.72536495324527
85.0	32.3	47.32306261580383
86.7	32.3	50.53883622148299
88.39999999999999	32.3	53.24496210106321
90.1	32.3	60.130331659032045
91.8	32.3	26.887421340636575
93.5	32.3	25.20403349421724
95.2	32.3	18.441678400649266
96.89999999999999	32.3	11.525386874282255
98.6	32.3	4.003894336489127
100.3	32.3	1.6933433741874109
102.0	32.3	0.8628181685901317
103.7	32.3	0.631413607879578
105.39999999999999	32.3	0.4989043853021059
0.0	34.0	0.30444180444458874
1.7	34.0	0.2638814723290203
3.4	34.0	0.3243177538810371
5.1	34.0	0.33503200297846436
6.8	34.0	0.3474124787489737
8.5	34.0	0.3122469104779764
10.2	34.0	0.3507802933115012
11.9	34.0	0.3826427404554844
13.6	34.0	0.47379937922419957
15.299999999999999	34.0	0.42688701924020445
17.0	34.0	0.6614807761194462
18.7	34.0	1.7957313117335545
20.4	34.0	36.757974196806046
22.099999999999998	34.0	31.726663411948316
23.8	34.0	38.529227251100096
25.5	34.0	36.56476541916822
27.2	34.0	40.84027786741472
28.9	34.0	38.1753098686918
30.599999999999998	34.0	34.6296960710233
32.3	34.0	37.20932511053932
34.0	34.0	34.15120250488933
35.699999999999996	34.0	36.18703227087469
37.4	34.0	35.616338384851154
39.1	34.0	31.199017998976846
40.8	34.0	32.01578443525416
42.5	34.0	32.679658569170066
44.199999999999996	34.0	34.595051380606066
45.9	34.0	34.35315562747001
47.6	34.0	34.988628289764215
49.3	34.0	36.71522769129867
51.0	34.0	35.77546738624852
52.699999999999996	34.0	35.13232969606413
54.4	34.0	34.72110635452894
56.1	34.0	36.223783266634086
57.8	34.0	38.78905187618069
59.5	34.0	39.68346477142273
61.199999999999996	34.0	42.00472404553642
62.9	34.0	41.876247272818574
64.6	34.0	45.24084341752828
66.3	34.0	46.73588299145568
68.0	34.0	57.13832954483407
69.7	34.0	43.697641085912934
71.39999999999999	34.0	46.05206906677593
73.1	34.0	61.60284585505599
74.8	34.0	56.30284223468904
76.5	34.0	56.20092213293641
78.2	34.0	55.906885320134066
79.89999999999999	34.0	52.21021156958434
81.6	34.0	49.034714404412156
83.3	34.0	45.818102803609406
85.0	34.0	46.11963228461337
86.7	34.0	46.76994806609828
88.39999999999999	34.0	49.88970015493941
90.1	34.0	58.19654218463582
91.8	34.0	43.108037245440464
93.5	34.0	27.172684315383805
95.2	34.0	22.602538624515205
96.89999999999999	34.0	16.337933198198424
98.6	34.0	6.596770069626368
100.3	34.0	2.5660768771982663
102.0	34.0	1.0489700193683869
103.7	34.0	0.6371199450739395
105.39999999999999	34.0	0.507928610221975
0.0	35.699999999999996	0.22996476540067623
1.7	35.699999999999996	0.3112423049329426
3.4	35.699999999999996	0.33311762457314464
5.1	35.699999999999996	0.31126116314868807
6.8	35.699999999999996	0.3246767604360344
8.5	35.699999999999996	0.3104277532930652
10.2	35.699999999999996	0.36891765493465084
11.9	35.699999999999996	0.3746324788328988
13.6	35.699999999999996	0.39041517280246546
15.299999999999999	35.699999999999996	0.4102506252951409
17.0	35.699999999999996	0.5534708158811966
18.7	35.699999999999996	0.8897370105088963
20.4	35.699999999999996	21.11992770485054
22.099999999999998	35.699999999999996	34.14265557941797
23.8	35.699999999999996	36.25600647106486
25.5	35.699999999999996	39.17868546235603
27.2	35.699999999999996	38.621530770782
28.9	35.699999999999996	40.42409356878099
30.599999999999998	35.699999999999996	38.91822698496619
32.3	35.699999999999996	38.34846973938463
34.0	35.699999999999996	38.79619894646938
35.699999999999996	35.699999999999996	35.97548403080933
37.4	35.699999999999996	35.41679496252366
39.1	35.699999999999996	32.34291554373867
40.8	35.699999999999996	34.54716966705536
42.5	35.699999999999996	33.04126549246904
44.199999999999996	35.699999999999996	33.00903319114471
45.9	35.699999999999996	37.920721952623694
47.6	35.699999999999996	38.15383159790792
49.3	35.699999999999996	35.550309055135585
51.0	35.699999999999996	35.75029052800427
52.699999999999996	35.699999999999996	34.27727943142276
54.4	35.699999999999996	35.792153577067374
56.1	35.699999999999996	35.94213312424537
57.8	35.699999999999996	38.9563879681956
59.5	35.699999999999996	39.343259983631704
61.199999999999996	35.699999999999996	42.415532495661616
62.9	35.699999999999996	44.2014999003992
64.6	35.699999999999996	45.86883010552733
66.3	35.699999999999996	51.89368426902479
68.0	35.699999999999996	62.74562377516003
69.7	35.699999999999996	43.27395190951429
71.39999999999999	35.699999999999996	64.283145794326
73.1	35.699999999999996	55.084531543744646
74.8	35.699999999999996	56.83986460144463
76.5	35.699999999999996	54.40530354197079
78.2	35.699999999999996	50.57124758283102
79.89999999999999	35.699999999999996	50.61023490331073
81.6	35.699999999999996	46.695915497308924
83.3	35.699999999999996	45.63401592772735
85.0	35.699999999999996	45.76210823590033
86.7	35.699999999999996	44.838321499942495
88.39999999999999	35.699999999999996	47.83783850096697
90.1	35.699999999999996	54.20090299084179
91.8	35.699999999999996	59.22895843495116
93.5	35.699999999999996	26.834658465686378
95.2	35.699999999999996	25.158751925153428
96.89999999999999	35.699999999999996	18.72781260529735
98.6	35.699999999999996	11.400922566725198
100.3	35.699999999999996	4.390387216681309
102.0	35.699999999999996	1.7938876015417722
103.7	35.699999999999996	0.8480435038829852
105.39999999999999	35.699999999999996	0.5418979034731298
0.0	37.4	0.3087573208415033
1.7	37.4	0.3022197238534008
3.4	37.4	0.2418547642622962
5.1	37.4	0.2884751273834788
6.8	37.4	0.3316146251721104
8.5	37.4	0.3403524113699819
10.2	37.4	0.3595197656284327
11.9	37.4	0.35239024633783167
13.6	37.4	0.404183294250113
15.299999999999999	37.4	0.45916415466510785
17.0	37.4	0.5230408930504917
18.7	37.4	0.590849388671194
20.4	37.4	1.380588585717982
22.099999999999998	37.4	36.558893701596624
23.8	37.4	34.87523443012612
25.5	37.4	37.01917276005707
27.2	37.4	40.04394119571522
28.9	37.4	37.423360781728256
30.599999999999998	37.4	40.856578126421695
32.3	37.4	31.52769659522738
34.0	37.4	37.346721972138624
35.699999999999996	37.4	36.36271516941142
37.4	37.4	37.35719302848502
39.1	37.4	31.37583228448445
40.8	37.4	33.76344936134022
42.5	37.4	33.56280718399647
44.199999999999996	37.4	33.96415197067168
45.9	37.4	33.289332884259885
47.6	37.4	35.03625586275417
49.3	37.4	34.085843225040094
51.0	37.4	34.21458619797444
52.699999999999996	37.4	35.742012019367095
54.4	37.4	36.299892131559325
56.1	37.4	37.77165501066497
57.8	37.4	37.0872311882992
59.5	37.4	41.178303793355774
61.199999999999996	37.4	42.89308559889915
62.9	37.4	45.76287101546615
64.6	37.4	49.57872422768501
66.3	37.4	57.2786333084478
68.0	37.4	30.34313131584565
69.7	37.4	64.2276514577603
71.39999999999999	37.4	59.19058280537515
73.1	37.4	49.73534707281996
74.8	37.4	52.698903260160535
76.5	37.4	54.671714085106615
78.2	37.4	50.170241295912035
79.89999999999999	37.4	47.566352641512836
81.6	37.4	46.78344435812062
83.3	37.4	46.08309816387382
85.0	37.4	44.04211205082617
86.7	37.4	45.387799783117444
88.39999999999999	37.4	45.541022288601475
90.1	37.4	50.04524871028513
91.8	37.4	56.826033277239674
93.5	37.4	53.01725100299328
95.2	37.4	26.951111577133652
96.89999999999999	37.4	23.403204120600062
98.6	37.4	16.448684577589223
100.3	37.4	7.4569972478991415
102.0	37.4	2.937988637944744
103.7	37.4	1.1561546381572467
105.39999999999999	37.4	0.6923269987239766
0.0	39.1	0.2742931305432618
1.7	39.1	0.2798709920007405
3.4	39.1	0.30289831850334914
5.1	39.1	0.27645710404344653
6.8	39.1	0.2877260830541573
8.5	39.1	0.3226270961417674
10.2	39.1	0.3260646801451484
11.9	39.1	0.3238662562900739
13.6	39.1	0.38021292636388676
15.299999999999999	39.1	0.3988117280057357
17.0	39.1	0.46158353076195585
18.7	39.1	0.5252395754263143
20.4	39.1	0.7419029705696045
22.099999999999998	39.1	6.879437570803981
23.8	39.1	31.8515650643987
25.5	39.1	38.07214182699938
27.2	39.1	35.72993466627727
28.9	39.1	41.87877664667634
30.599999999999998	39.1	40.35468221484001
32.3	39.1	37.917376082851035
34.0	39.1	37.95757933035961
35.699999999999996	39.1	37.355745892574646
37.4	39.1	36.876885751941266
39.1	39.1	33.529084695291694
40.8	39.1	35.1299728638387
42.5	39.1	32.44632868061788
44.199999999999996	39.1	32.04989824321814
45.9	39.1	32.26760640848235
47.6	39.1	33.6722786372431
49.3	39.1	34.97239018252616
51.0	39.1	36.0688305225135
52.699999999999996	39.1	34.98116311988921
54.4	39.1	38.613641270488415
56.1	39.1	38.70861280059458
57.8	39.1	40.0924155607796
59.5	39.1	42.67175156184752
61.199999999999996	39.1	43.196831510598145
62.9	39.1	47.602431133195275
64.6	39.1	54.140115526627575
66.3	39.1	57.996035462839714
68.0	39.1	61.720305865296474
69.7	39.1	63.32828728282392
71.39999999999999	39.1	58.24502285343591
73.1	39.1	57.143210893050295
74.8	39.1	54.10617491986593
76.5	39.1	49.03296173384548
78.2	39.1	49.1663476233664
79.89999999999999	39.1	42.334339049567085
81.6	39.1	45.09416338635909
83.3	39.1	45.53511161911191
85.0	39.1	43.48245568906824
86.7	39.1	42.767867405656425
88.39999999999999	39.1	43.38577576402956
90.1	39.1	47.410130285676665
91.8	39.1	52.584300032240236
93.5	39.1	58.308985394880736
95.2	39.1	27.68763676500645
96.89999999999999	39.1	25.905446198740236
98.6	39.1	19.715453822439766
100.3	39.1	13.171711211284991
102.0	39.1	4.950903249433916
103.7	39.1	1.8997278261805994
105.39999999999999	39.1	0.8894067878980934
0.0	40.8	0.29617498317663843
1.7	40.8	0.2729300189489984
3.4	40.8	0.29147078351935274
5.1	40.8	0.2831527423738328
6.8	40.8	0.3053739544217172
8.5	40.8	0.2878330413104639
10.2	40.8	0.31482752288182786
11.9	40.8	0.3212851605730884
13.6	40.8	0.35682609039414975
15.299999999999999	40.8	0.3889636600787208
17.0	40.8	0.4282553133257842
18.7	40.8	0.5231726781304459
20.4	40.8	0.6299368611167301
22.099999999999998	40.8	1.0873034432443256
23.8	40.8	33.49956574065462
25.5	40.8	34.745850491736036
27.2	40.8	36.35075782237138
28.9	40.8	37.69557941556984
30.599999999999998	40.8	42.263015983793395
32.3	40.8	38.703350802083186
34.0	40.8	40.009163991993645
35.699999999999996	40.8	35.96702563708306
37.4	40.8	37.028606498332735
39.1	40.8	38.11831434897217
40.8	40.8	35.61805328283426
42.5	40.8	35.45843976386437
44.199999999999996	40.8	32.214792409215384
45.9	40.8	28.67364079730541
47.6	40.8	34.63208650578049
49.3	40.8	32.64398334166268
51.0	40.8	36.16470571109173
52.699999999999996	40.8	36.146359394416805
54.4	40.8	38.239142801801876
56.1	40.8	39.83936672886134
57.8	40.8	44.4151120823397
59.5	40.8	41.798558222991254
61.199999999999996	40.8	46.59387412911797
62.9	40.8	52.75358496793919
64.6	40.8	56.61474384793762
66.3	40.8	44.78703368812767
68.0	40.8	62.262929599494015
69.7	40.8	57.489242335861974
71.39999999999999	40.8	52.54839121035625
73.1	40.8	54.696093836534516
74.8	40.8	53.31598419357285
76.5	40.8	50.017963735268395
78.2	40.8	47.573199440321886
79.89999999999999	40.8	45.49660206777427
81.6	40.8	43.61077998238892
83.3	40.8	42.92354772461665
85.0	40.8	42.208011133202305
86.7	40.8	44.000775137849196
88.39999999999999	40.8	44.86730168827219
90.1	40.8	45.536076650373175
91.8	40.8	50.19540761889833
93.5	40.8	56.72056921892886
95.2	40.8	56.173991345635194
96.89999999999999	40.8	26.90618496853916
98.6	40.8	23.52745470038507
100.3	40.8	16.96009481477625
102.0	40.8	7.674497375497729
103.7	40.8	3.040128132048841
105.39999999999999	40.8	1.1794984372242507
0.0	42.5	0.2093783502590498
1.7	42.5	0.29553239663324227
3.4	42.5	0.29803439007609384
5.1	42.5	0.2588205206023231
6.8	42.5	0.3242061394997719
8.5	42.5	0.2999777748762689
10.2	42.5	0.27543371164070585
11.9	42.5	0.3485410405060053
13.6	42.5	0.3592058381855693
15.299999999999999	42.5	0.3634910127084948
17.0	42.5	0.3912211677756921
18.7	42.5	0.4673728283626833
20.4	42.5	0.53835588146005
22.099999999999998	42.5	0.7361809409062536
23.8	42.5	3.8022501434141405
25.5	42.5	36.91664369169741
27.2	42.5	37.36622417668571
28.9	42.5	39.97167963176324
30.599999999999998	42.5	40.004410008846115
32.3	42.5	41.33471980705173
34.0	42.5	39.45403717723777
35.699999999999996	42.5	38.957113196067915
37.4	42.5	37.536998565602715
39.1	42.5	38.876209969330745
40.8	42.5	39.85234178115798
42.5	42.5	33.98620078830119
44.199999999999996	42.5	35.51112651405337
45.9	42.5	35.70261375344581
47.6	42.5	35.67872604633925
49.3	42.5	35.21107952370771
51.0	42.5	33.7939977011779
52.699999999999996	42.5	37.10536698365574
54.4	42.5	39.821179165193996
56.1	42.5	42.642954919265954
57.8	42.5	43.26259035600549
59.5	42.5	46.010825064565815
61.199999999999996	42.5	48.64544280958789
62.9	42.5	57.86621287220127
64.6	42.5	38.58901577504705
66.3	42.5	67.72504926725016
68.0	42.5	59.03861087881115
69.7	42.5	54.41937465965818
71.39999999999999	42.5	54.08564849300333
73.1	42.5	52.44953093632286
74.8	42.5	50.95836459366226
76.5	42.5	49.048460878090296
78.2	42.5	45.888721211455035
79.89999999999999	42.5	40.95977103739857
81.6	42.5	41.25233006970749
83.3	42.5	42.501294303641586
85.0	42.5	38.16776681909401
86.7	42.5	43.88218418220899
88.39999999999999	42.5	43.48895394645709
90.1	42.5	43.06062944147256
91.8	42.5	48.21355308900715
93.5	42.5	53.214694764612716
95.2	42.5	60.48948421783544
96.89999999999999	42.5	28.58338992996165
98.6	42.5	26.88729124156512
100.3	42.5	20.0862887519032
102.0	42.5	13.374075265786837
103.7	42.5	5.228151586253406
105.39999999999999	42.5	1.944540461727077
0.0	44.199999999999996	0.29700133468968637
1.7	44.199999999999996	0.2579859321807951
3.4	44.199999999999996	0.24647958345617021
5.1	44.199999999999996	0.27843053819342384
6.8	44.199999999999996	0.3010498874456429
8.5	44.199999999999996	0.25026866986156165
10.2	44.199999999999996	0.26168672577022006
11.9	44.199999999999996	0.2755732181556725
13.6	44.199999999999996	0.2967401230897071
15.299999999999999	44.199999999999996	0.313533488673025
17.0	44.199999999999996	0.36057328398095106
18.7	44.199999999999996	0.38250559764107855
20.4	44.199999999999996	0.4664175176939107
22.099999999999998	44.199999999999996	0.5573177557748227
23.8	44.199999999999996	0.9862280851941855
25.5	44.199999999999996	24.760446513956733
27.2	44.199999999999996	35.65897211340233
28.9	44.199999999999996	37.52700110490838
30.599999999999998	44.199999999999996	42.05005407233565
32.3	44.199999999999996	42.62635037206676
34.0	44.199999999999996	41.19931319985984
35.699999999999996	44.199999999999996	40.22592165366892
37.4	44.199999999999996	39.745302628017086
39.1	44.199999999999996	39.894564691330785
40.8	44.199999999999996	39.61972152525225
42.5	44.199999999999996	38.98359484452552
44.199999999999996	44.199999999999996	39.35303754356477
45.9	44.199999999999996	39.25081442769987
47.6	44.199999999999996	37.53877110369945
49.3	44.199999999999996	37.05724016091205
51.0	44.199999999999996	38.37190875091093
52.699999999999996	44.199999999999996	38.23577328000326
54.4	44.199999999999996	42.79816579970401
56.1	44.199999999999996	42.350020251933095
57.8	44.199999999999996	44.60838650254056
59.5	44.199999999999996	46.5583694710069
61.199999999999996	44.199999999999996	53.5381577493084
62.9	44.199999999999996	59.808596274652245
64.6	44.199999999999996	39.9814297418896
66.3	44.199999999999996	64.39684390420553
68.0	44.199999999999996	56.5248663168294
69.7	44.199999999999996	57.94354797464074
71.39999999999999	44.199999999999996	54.76748593397906
73.1	44.199999999999996	52.16196312040851
74.8	44.199999999999996	49.31930865035673
76.5	44.199999999999996	46.55820367793041
78.2	44.199999999999996	42.02145567400192
79.89999999999999	44.199999999999996	41.30875125063382
81.6	44.199999999999996	40.28553082169033
83.3	44.199999999999996	39.32786894530654
85.0	44.199999999999996	42.04695736782788
86.7	44.199999999999996	42.6994627631089
88.39999999999999	44.199999999999996	41.83566971083515
90.1	44.199999999999996	43.68343309155556
91.8	44.199999999999996	46.54406297586175
93.5	44.199999999999996	49.988569137640326
95.2	44.199999999999996	55.84284275544087
96.89999999999999	44.199999999999996	53.62641814230614
98.6	44.199999999999996	26.896833211491366
100.3	44.199999999999996	24.228680442400208
102.0	44.199999999999996	16.94812560673407
103.7	44.199999999999996	7.818619590117854
105.39999999999999	44.199999999999996	3.2242634644115196
0.0	45.9	0.30745953547046184
1.7	45.9	0.328333853873328
3.4	45.9	0.3013687935586702
5.1	45.9	0.22446445351649047
6.8	45.9	0.28413476598094417
8.5	45.9	0.29410602043721024
10.2	45.9	0.29325697814825213
11.9	45.9	0.2905969027057122
13.6	45.9	0.3197068322354233
15.299999999999999	45.9	0.3368892606152214
17.0	45.9	0.37628448847588286
18.7	45.9	0.3968710280219956
20.4	45.9	0.4379934101942239
22.099999999999998	45.9	0.523866324395086
23.8	45.9	0.6760160035617159
25.5	45.9	2.2215411880804723
27.2	45.9	35.92882801429331
28.9	45.9	35.43087307843431
30.599999999999998	45.9	38.56779790676863
32.3	45.9	42.09330858246061
34.0	45.9	42.463761222849186
35.699999999999996	45.9	41.59666560877699
37.4	45.9	40.0469080762879
39.1	45.9	39.70968348245161
40.8	45.9	38.778003958675384
42.5	45.9	39.37140980073446
44.199999999999996	45.9	40.58053491045563
45.9	45.9	35.22972804656785
47.6	45.9	38.715578908641994
49.3	45.9	36.12382765945369
51.0	45.9	39.45407750286369
52.699999999999996	45.9	40.339598860236
54.4	45.9	41.43298588789181
56.1	45.9	38.33606252633036
57.8	45.9	45.679342619150646
59.5	45.9	50.452294132327914
61.199999999999996	45.9	59.787832675750764
62.9	45.9	32.8243922552781
64.6	45.9	65.6466351299447
66.3	45.9	56.853042644025834
68.0	45.9	56.216937482024896
69.7	45.9	55.338180780060924
71.39999999999999	45.9	54.19094384414467
73.1	45.9	51.90912566247063
74.8	45.9	47.427755241509935
76.5	45.9	46.636658246597
78.2	45.9	42.762623959737255
79.89999999999999	45.9	37.742984223405145
81.6	45.9	39.92661838698079
83.3	45.9	38.52539823843433
85.0	45.9	35.96941487123248
86.7	45.9	41.263103197797136
88.39999999999999	45.9	42.891703316325525
90.1	45.9	43.933354373097636
91.8	45.9	45.6033266967383
93.5	45.9	46.49107441024588
95.2	45.9	53.11731705009869
96.89999999999999	45.9	58.55169517461637
98.6	45.9	27.201301023148414
100.3	45.9	26.19145825940757
102.0	45.9	19.78114416551161
103.7	45.9	13.260143946290706
105.39999999999999	45.9	5.322450891586124
0.0	47.6	0.35610973855902306
1.7	47.6	0.3254964240046278
3.4	47.6	0.30518991591632083
5.1	47.6	0.27823083711113544
6.8	47.6	0.2658243975262786
8.5	47.6	0.2755608853694819
10.2	47.6	0.3303430891368855
11.9	47.6	0.28465461684409465
13.6	47.6	0.3437853096940112
15.299999999999999	47.6	0.3249268634343524
17.0	47.6	0.3294738621481756
18.7	47.6	0.3725611173849709
20.4	47.6	0.4145645625838007
22.099999999999998	47.6	0.5029907065355455
23.8	47.6	0.5320331350767848
25.5	47.6	0.9033083818316178
27.2	47.6	21.14567628847036
28.9	47.6	29.10593393561788
30.599999999999998	47.6	37.572484436979344
32.3	47.6	39.979025837724244
34.0	47.6	41.405000015938995
35.699999999999996	47.6	42.68982044772965
37.4	47.6	41.21779014103664
39.1	47.6	37.335985281652
40.8	47.6	41.301587835285375
42.5	47.6	39.33259128111518
44.199999999999996	47.6	40.06472784650079
45.9	47.6	35.34997903891924
47.6	47.6	40.38967175299259
49.3	47.6	39.66651224591726
51.0	47.6	40.57851912518429
52.699999999999996	47.6	40.81549354485056
54.4	47.6	42.7007847360157
56.1	47.6	44.52950154245639
57.8	47.6	47.527739415217546
59.5	47.6	56.42208448047276
61.199999999999996	47.6	29.20281360633236
62.9	47.6	57.97396938521101
64.6	47.6	60.142539534757624
66.3	47.6	55.22338849458766
68.0	47.6	55.545069570180786
69.7	47.6	54.23585050671557
71.39999999999999	47.6	53.12111458924766
73.1	47.6	50.67063675851127
74.8	47.6	47.33101398976077
76.5	47.6	44.695690297666786
78.2	47.6	38.88321573181181
79.89999999999999	47.6	40.244115224256404
81.6	47.6	38.40741709820101
83.3	47.6	38.45238105752543
85.0	47.6	39.403115598166146
86.7	47.6	40.990447972844485
88.39999999999999	47.6	38.886769883073086
90.1	47.6	45.69595789688203
91.8	47.6	43.94292792881448
93.5	47.6	46.63340618075348
95.2	47.6	51.18472279664707
96.89999999999999	47.6	57.29590811928235
98.6	47.6	51.07593108009811
100.3	47.6	27.63686066289264
102.0	47.6	24.282987286238477
103.7	47.6	17.400027788400894
105.39999999999999	47.6	7.825042945610345
0.0	49.3	0.36128677253130204
1.7	49.3	0.31035590384969053
3.4	49.3	0.29284539415417377
5.1	49.3	0.2791784496953292
6.8	49.3	0.33293659835750705
8.5	49.3	0.31138571950788146
10.2	49.3	0.3144136352766288
11.9	49.3	0.33008406608220187
13.6	49.3	0.32193252089444685
15.299999999999999	49.3	0.3543337651606246
17.0	49.3	0.27108240303616926
18.7	49.3	0.3686563213095937
20.4	49.3	0.4297062831345064
22.099999999999998	49.3	0.3762846916444529
23.8	49.3	0.49072301452431444
25.5	49.3	0.6629217212350013
27.2	49.3	1.613321532575208
28.9	49.3	36.36055463148933
30.599999999999998	49.3	35.33420847571219
32.3	49.3	39.92550313113581
34.0	49.3	42.236868362938715
35.699999999999996	49.3	43.88490082156368
37.4	49.3	42.13321004602177
39.1	49.3	41.65544208504417
40.8	49.3	42.3552074735148
42.5	49.3	41.79557147485326
44.199999999999996	49.3	40.28418165678394
45.9	49.3	37.17333598015935
47.6	49.3	42.16650537978408
49.3	49.3	41.140383940046014
51.0	49.3	40.51112934894873
52.699999999999996	49.3	43.58502637168427
54.4	49.3	43.42580194326686
56.1	49.3	45.93786615467205
57.8	49.3	51.72171275366729
59.5	49.3	59.912935064901184
61.199999999999996	49.3	39.18566931462196
62.9	49.3	65.16320039321326
64.6	49.3	58.94736226455933
66.3	49.3	58.281235508732806
68.0	49.3	55.093261438245754
69.7	49.3	52.924463653310035
71.39999999999999	49.3	52.318624588603114
73.1	49.3	48.651405366819894
74.8	49.3	45.45198338318923
76.5	49.3	44.477081893256205
78.2	49.3	43.01502404851293
79.89999999999999	49.3	39.9591791043437
81.6	49.3	41.165864769396144
83.3	49.3	39.784073466944136
85.0	49.3	39.21538416033495
86.7	49.3	41.663064557219215
88.39999999999999	49.3	41.47858088566059
90.1	49.3	44.66266831866492
91.8	49.3	45.32520721081486
93.5	49.3	45.4364534704663
95.2	49.3	48.13748991006422
96.89999999999999	49.3	54.01193102678756
98.6	49.3	61.72505327012368
100.3	49.3	27.56449406400217
102.0	49.3	27.72815729999823
103.7	49.3	20.37823645444923
105.39999999999999	49.3	13.608067386807642
0.0	51.0	0.44948995743831166
1.7	51.0	0.3477183096971487
3.4	51.0	0.3141550488490503
5.1	51.0	0.28795439051320426
6.8	51.0	0.27592103264075013
8.5	51.0	0.2814719950993555
10.2	51.0	0.3017315645201497
11.9	51.0	0.29838928709406337
13.6	51.0	0.32128894975130967
15.299999999999999	51.0	0.30689547976554143
17.0	51.0	0.34525255475695504
18.7	51.0	0.3478462375311216
20.4	51.0	0.3843152332594712
22.099999999999998	51.0	0.4347877844645895
23.8	51.0	0.4918404910951739
25.5	51.0	0.5885761551220863
27.2	51.0	0.840215508146309
28.9	51.0	7.287627030253194
30.599999999999998	51.0	36.68268769850451
32.3	51.0	37.332917899637835
34.0	51.0	40.5144539511349
35.699999999999996	51.0	44.669462196782725
37.4	51.0	45.17094106419081
39.1	51.0	43.642008106288216
40.8	51.0	42.51724850314619
42.5	51.0	41.82984778850922
44.199999999999996	51.0	42.15054959940668
45.9	51.0	37.478200854265815
47.6	51.0	42.53937571505096
49.3	51.0	41.148405085905345
51.0	51.0	43.62079129123215
52.699999999999996	51.0	44.013410552159094
54.4	51.0	44.12616799738852
56.1	51.0	48.694458433992985
57.8	51.0	58.256697965625406
59.5	51.0	36.48321337951893
61.199999999999996	51.0	66.62463168156286
62.9	51.0	59.980594488983705
64.6	51.0	57.33781750668372
66.3	51.0	55.169480308524
68.0	51.0	54.22562828077862
69.7	51.0	49.25876099672032
71.39999999999999	51.0	48.29102315258477
73.1	51.0	48.24171570690264
74.8	51.0	46.8478825978359
76.5	51.0	46.15097675352559
78.2	51.0	45.24069948790137
79.89999999999999	51.0	42.61925591253663
81.6	51.0	44.35502291144508
83.3	51.0	44.15979249421902
85.0	51.0	43.752099403211304
86.7	51.0	43.71224549817003
88.39999999999999	51.0	42.80287646603836
90.1	51.0	42.49922034838587
91.8	51.0	44.24922997719884
93.5	51.0	45.496195036107956
95.2	51.0	46.19928989778915
96.89999999999999	51.0	52.004129066107275
98.6	51.0	58.140309598711994
100.3	51.0	48.401306636230906
102.0	51.0	28.315899606174497
103.7	51.0	25.35085429012261
105.39999999999999	51.0	18.23187906532183
0.0	52.699999999999996	0.46212383052464806
1.7	52.699999999999996	0.3979072035824397
3.4	52.699999999999996	0.2889883765014726
5.1	52.699999999999996	0.3131721884065059
6.8	52.699999999999996	0.3442564055727851
8.5	52.699999999999996	0.29400473379786946
10.2	52.699999999999996	0.2958136130834413
11.9	52.699999999999996	0.33401710201697543
13.6	52.699999999999996	0.31692029963078705
15.299999999999999	52.699999999999996	0.31389830814662123
17.0	52.699999999999996	0.2950857956880939
18.7	52.699999999999996	0.32983500475969285
20.4	52.699999999999996	0.3268405431393159
22.099999999999998	52.699999999999996	0.38388094207515294
23.8	52.699999999999996	0.42172982863059
25.5	52.699999999999996	0.4963344134400133
27.2	52.699999999999996	0.6309404958495761
28.9	52.699999999999996	1.291881352690838
30.599999999999998	52.699999999999996	33.11975474208204
32.3	52.699999999999996	36.529228696772826
34.0	52.699999999999996	37.698268696992656
35.699999999999996	52.699999999999996	42.05788217532148
37.4	52.699999999999996	43.74916074944496
39.1	52.699999999999996	44.73661317503683
40.8	52.699999999999996	42.119234819940246
42.5	52.699999999999996	41.907114124296406
44.199999999999996	52.699999999999996	40.37938695269997
45.9	52.699999999999996	34.530088680844486
47.6	52.699999999999996	44.055195665315246
49.3	52.699999999999996	43.832848139005144
51.0	52.699999999999996	45.09231630409556
52.699999999999996	52.699999999999996	43.405028839901576
54.4	52.699999999999996	48.06620651777505
56.1	52.699999999999996	53.75979464302258
57.8	52.699999999999996	43.209177687937405
59.5	52.699999999999996	49.64689176677064
61.199999999999996	52.699999999999996	59.176438603738255
62.9	52.699999999999996	56.70316337949738
64.6	52.699999999999996	56.912000856512634
66.3	52.699999999999996	54.818472499488124
68.0	52.699999999999996	50.88153386765295
69.7	52.699999999999996	51.47991861023663
71.39999999999999	52.699999999999996	49.02188324841338
73.1	52.699999999999996	47.816170274136105
74.8	52.699999999999996	47.03848537911782
76.5	52.699999999999996	46.821694903911414
78.2	52.699999999999996	46.43881314038891
79.89999999999999	52.699999999999996	41.95118831638038
81.6	52.699999999999996	46.43185523724243
83.3	52.699999999999996	44.88140393111809
85.0	52.699999999999996	44.12035280817916
86.7	52.699999999999996	44.86895119487569
88.39999999999999	52.699999999999996	44.23136803458307
90.1	52.699999999999996	42.87074843584478
91.8	52.699999999999996	45.164178801626726
93.5	52.699999999999996	45.40715552954156
95.2	52.699999999999996	45.14476706655493
96.89999999999999	52.699999999999996	50.55201707995134
98.6	52.699999999999996	55.52038057475334
100.3	52.699999999999996	64.34688128315355
102.0	52.699999999999996	28.372172209809307
103.7	52.699999999999996	27.346959810340273
105.39999999999999	52.699999999999996	20.719066916388712
0.0	54.4	0.6143086944261199
1.7	54.4	0.4307942217061483
3.4	54.4	0.3693670197476268
5.1	54.4	0.32033150841590374
6.8	54.4	0.30782321518552075
8.5	54.4	0.31505966001502994
10.2	54.4	0.2735938930849263
11.9	54.4	0.25793621556496543
13.6	54.4	0.27282518001478173
15.299999999999999	54.4	0.2581051921031773
17.0	54.4	0.3256249957837191
18.7	54.4	0.30176061156543954
20.4	54.4	0.384064447260528
22.099999999999998	54.4	0.3569584062464849
23.8	54.4	0.41219292740841745
25.5	54.4	0.4354107496363412
27.2	54.4	0.5386937792453493
28.9	54.4	0.7773720006027525
30.599999999999998	54.4	4.541683464415472
32.3	54.4	37.18120418429656
34.0	54.4	40.026101336452975
35.699999999999996	54.4	39.14903755912321
37.4	54.4	45.774155194211396
39.1	54.4	46.16346267640669
40.8	54.4	42.71185623371956
42.5	54.4	44.58363245783007
44.199999999999996	54.4	42.397478612179235
45.9	54.4	38.44974483398572
47.6	54.4	40.09122803286482
49.3	54.4	44.90553546100646
51.0	54.4	43.43278156866135
52.699999999999996	54.4	43.23362091740757
54.4	54.4	50.877119514708
56.1	54.4	58.95956860011461
57.8	54.4	39.93055051388522
59.5	54.4	64.83048041568398
61.199999999999996	54.4	57.94208455684607
62.9	54.4	55.12484280318351
64.6	54.4	52.75161482168791
66.3	54.4	53.397615563324024
68.0	54.4	52.42718325006901
69.7	54.4	49.94345714168629
71.39999999999999	54.4	51.52294112739609
73.1	54.4	49.55744028111865
74.8	54.4	49.15340183651513
76.5	54.4	49.07838038381763
78.2	54.4	48.58407986947196
79.89999999999999	54.4	45.68730237244534
81.6	54.4	47.8395194019547
83.3	54.4	47.59016521762905
85.0	54.4	46.173121559485026
86.7	54.4	46.23317072672404
88.39999999999999	54.4	46.75729949778965
90.1	54.4	46.2020001462997
91.8	54.4	46.143069910008506
93.5	54.4	44.556614723897866
95.2	54.4	44.48153626693286
96.89999999999999	54.4	48.89665970426502
98.6	54.4	52.52958457600732
100.3	54.4	60.563942639061544
102.0	54.4	42.24311681557565
103.7	54.4	29.493818339720107
105.39999999999999	54.4	25.889786757158046
0.0	56.1	0.7695298200812173
1.7	56.1	0.5011580852736679
3.4	56.1	0.39539235086059565
5.1	56.1	0.3743238814606077
6.8	56.1	0.32146762951492974
8.5	56.1	0.3284961700179425
10.2	56.1	0.3149707038144474
11.9	56.1	0.32663010292726136
13.6	56.1	0.35654998040911395
15.299999999999999	56.1	0.3224500589132331
17.0	56.1	0.2797680055095662
18.7	56.1	0.3595958686349735
20.4	56.1	0.3513793828725058
22.099999999999998	56.1	0.29281995814639106
23.8	56.1	0.4082930226726553
25.5	56.1	0.430092234870848
27.2	56.1	0.5171731123245218
28.9	56.1	0.6184117055691059
30.599999999999998	56.1	1.112602410443532
32.3	56.1	26.62907001271762
34.0	56.1	37.17297544555106
35.699999999999996	56.1	40.16486803954515
37.4	56.1	44.57634347092489
39.1	56.1	46.93413114411007
40.8	56.1	41.061317835803806
42.5	56.1	46.0206198631418
44.199999999999996	56.1	42.53178452671175
45.9	56.1	35.22049546002234
47.6	56.1	44.86354253381826
49.3	56.1	44.244844222302866
51.0	56.1	44.37445354725201
52.699999999999996	56.1	49.09312764989912
54.4	56.1	54.98515534353001
56.1	56.1	35.42558479813914
57.8	56.1	67.30506559714033
59.5	56.1	57.25997209698593
61.199999999999996	56.1	52.78220293953554
62.9	56.1	55.873340021207746
64.6	56.1	57.25872189918792
66.3	56.1	54.852654859051064
68.0	56.1	53.34467098112852
69.7	56.1	51.208520700675244
71.39999999999999	56.1	50.38158064873085
73.1	56.1	48.685226720183636
74.8	56.1	48.30121422171598
76.5	56.1	47.40777603427482
78.2	56.1	47.2888948200334
79.89999999999999	56.1	47.63343069357047
81.6	56.1	48.20950455810291
83.3	56.1	47.2653508420579
85.0	56.1	47.08764943599403
86.7	56.1	47.220601263282205
88.39999999999999	56.1	46.92628334070491
90.1	56.1	47.5950739519402
91.8	56.1	47.39332477236542
93.5	56.1	46.896391432137676
95.2	56.1	45.38691612274673
96.89999999999999	56.1	48.40373412605206
98.6	56.1	51.640227872313154
100.3	56.1	57.761467840233344
102.0	56.1	63.14267648099106
103.7	56.1	28.69652586799272
105.39999999999999	56.1	27.665173785242157
0.0	57.8	1.1819114906313046
1.7	57.8	0.5719940755090502
3.4	57.8	0.4413559624166061
5.1	57.8	0.3729956730682834
6.8	57.8	0.3166321360873151
8.5	57.8	0.3092451502714795
10.2	57.8	0.2952471103037822
11.9	57.8	0.30669069280271366
13.6	57.8	0.264476269754317
15.299999999999999	57.8	0.3165574942821362
17.0	57.8	0.3160404801169549
18.7	57.8	0.31141494427813826
20.4	57.8	0.29552768750876035
22.099999999999998	57.8	0.34110439458378666
23.8	57.8	0.3535745533509402
25.5	57.8	0.4006177988905457
27.2	57.8	0.4451498244822783
28.9	57.8	0.5016711374949183
30.599999999999998	57.8	0.700022720313968
32.3	57.8	2.0943493485489673
34.0	57.8	37.534655046656766
35.699999999999996	57.8	38.79401059065954
37.4	57.8	43.077846165269946
39.1	57.8	45.99457067732836
40.8	57.8	46.32335503517844
42.5	57.8	45.538092711836505
44.199999999999996	57.8	43.91951548591048
45.9	57.8	33.379553403396415
47.6	57.8	44.761820039576264
49.3	57.8	43.259161615510656
51.0	57.8	46.021020930205914
52.699999999999996	57.8	50.65102689863079
54.4	57.8	47.163752750433595
56.1	57.8	34.20820225409099
57.8	57.8	61.847775185545174
59.5	57.8	53.208002228379556
61.199999999999996	57.8	55.81244738617397
62.9	57.8	57.0845621333315
64.6	57.8	59.62683179093227
66.3	57.8	58.252570404507146
68.0	57.8	55.67988279244912
69.7	57.8	55.55973815001943
71.39999999999999	57.8	52.99141171979848
73.1	57.8	53.21076264989821
74.8	57.8	54.38898850333398
76.5	57.8	52.76508513643981
78.2	57.8	52.84731372083056
79.89999999999999	57.8	50.224707408336776
81.6	57.8	51.45662603768507
83.3	57.8	50.70657260367072
85.0	57.8	50.208157417838066
86.7	57.8	51.73241450084157
88.39999999999999	57.8	50.55420613533718
90.1	57.8	49.3494642021087
91.8	57.8	49.04826077223894
93.5	57.8	49.817189387424044
95.2	57.8	49.40251868864087
96.89999999999999	57.8	49.15148375952183
98.6	57.8	48.40454470717679
100.3	57.8	56.543266772553196
102.0	57.8	62.581760659929685
103.7	57.8	38.80248667434085
105.39999999999999	57.8	30.013094942845257
0.0	59.5	1.8791382413406184
1.7	59.5	0.8653000296992883
3.4	59.5	0.47661945398412553
5.1	59.5	0.43703934433968605
6.8	59.5	0.3484326232969592
8.5	59.5	0.31637660496026554
10.2	59.5	0.29865596665989774
11.9	59.5	0.2745743737716662
13.6	59.5	0.3029994877145759
15.299999999999999	59.5	0.30535269911828444
17.0	59.5	0.2854251934473284
18.7	59.5	0.31082537303507857
20.4	59.5	0.273778381549751
22.099999999999998	59.5	0.30969075138463903
23.8	59.5	0.3366115815716203
25.5	59.5	0.3713452387398829
27.2	59.5	0.4433154053637077
28.9	59.5	0.4727396107178981
30.599999999999998	59.5	0.5841293853553139
32.3	59.5	0.9151825297258236
34.0	59.5	15.640633069385405
35.699999999999996	59.5	38.387452317607035
37.4	59.5	39.61327955070433
39.1	59.5	43.24619848947446
40.8	59.5	45.77269069599375
42.5	59.5	45.964387809201725
44.199999999999996	59.5	44.270926225212065
45.9	59.5	37.218343328086895
47.6	59.5	46.83299787602767
49.3	59.5	44.20883283942346
51.0	59.5	49.15834627988551
52.699999999999996	59.5	54.78937086741112
54.4	59.5	26.675671162663836
56.1	59.5	28.889964295080972
57.8	59.5	63.06875018535618
59.5	59.5	56.98060844960531
61.199999999999996	59.5	57.39817489916905
62.9	59.5	58.45838047727509
64.6	59.5	62.532886873997754
66.3	59.5	61.542959795524844
68.0	59.5	60.29977494046569
69.7	59.5	60.082978618397405
71.39999999999999	59.5	60.41851796497364
73.1	59.5	58.54710388568549
74.8	59.5	59.25840171670695
76.5	59.5	59.08931569730932
78.2	59.5	60.05431695521793
79.89999999999999	59.5	59.075431690656686
81.6	59.5	58.55480039403215
83.3	59.5	58.09317629930451
85.0	59.5	58.38665990974129
86.7	59.5	57.748818510047435
88.39999999999999	59.5	56.264653509450916
90.1	59.5	56.834915436133215
91.8	59.5	56.308151607479004
93.5	59.5	56.60669094891268
95.2	59.5	57.90948687405825
96.89999999999999	59.5	56.892108488238854
98.6	59.5	56.40353508788187
100.3	59.5	54.2858041400155
102.0	59.5	61.85233975483007
103.7	59.5	66.62062532548207
105.39999999999999	59.5	30.317149411069266
0.0	61.199999999999996	3.1565771341810405
1.7	61.199999999999996	1.425850553934664
3.4	61.199999999999996	0.6642652865480259
5.1	61.199999999999996	0.503384232609927
6.8	61.199999999999996	0.42125633008844815
8.5	61.199999999999996	0.3675021200578282
10.2	61.199999999999996	0.3108226928654782
11.9	61.199999999999996	0.3224771544940797
13.6	61.199999999999996	0.3314387259632298
15.299999999999999	61.199999999999996	0.32172012365579933
17.0	61.199999999999996	0.26535574568765
18.7	61.199999999999996	0.33495026248307136
20.4	61.199999999999996	0.321857409001216
22.099999999999998	61.199999999999996	0.3412032654709291
23.8	61.199999999999996	0.35726735364521617
25.5	61.199999999999996	0.3839457819621728
27.2	61.199999999999996	0.4268589823681432
28.9	61.199999999999996	0.4330682285972277
30.599999999999998	61.199999999999996	0.5306036804309509
32.3	61.199999999999996	0.6713971251693238
34.0	61.199999999999996	1.5128315030530166
35.699999999999996	61.199999999999996	37.48424958403722
37.4	61.199999999999996	32.276891377444215
39.1	61.199999999999996	40.93443948236499
40.8	61.199999999999996	46.13695748483299
42.5	61.199999999999996	50.10070637077337
44.199999999999996	61.199999999999996	48.65253228416331
45.9	61.199999999999996	38.7364154835168
47.6	61.199999999999996	47.214306914882705
49.3	61.199999999999996	47.244692112510826
51.0	61.199999999999996	50.1748080797093
52.699999999999996	61.199999999999996	57.589423245967915
54.4	61.199999999999996	30.66677535136053
56.1	61.199999999999996	27.681627383240684
57.8	61.199999999999996	21.248781310130223
59.5	61.199999999999996	16.302776919547213
61.199999999999996	61.199999999999996	18.616758461384233
62.9	61.199999999999996	20.586376874474627
64.6	61.199999999999996	31.58867383722067
66.3	61.199999999999996	39.04363514950867
68.0	61.199999999999996	50.90947455098033
69.7	61.199999999999996	53.84131659994529
71.39999999999999	61.199999999999996	58.41508185036571
73.1	61.199999999999996	59.73697439456493
74.8	61.199999999999996	61.175413280352586
76.5	61.199999999999996	60.76459904717382
78.2	61.199999999999996	60.61019053575735
79.89999999999999	61.199999999999996	59.83867225494634
81.6	61.199999999999996	60.50717675302823
83.3	61.199999999999996	59.82231996880797
85.0	61.199999999999996	59.41735539402224
86.7	61.199999999999996	59.974287159617774
88.39999999999999	61.199999999999996	59.96158167283799
90.1	61.199999999999996	60.45559719515243
91.8	61.199999999999996	61.02418433028978
93.5	61.199999999999996	62.04634733373175
95.2	61.199999999999996	60.57835096761578
96.89999999999999	61.199999999999996	61.00292878440486
98.6	61.199999999999996	62.06478698503489
100.3	61.199999999999996	61.38637062347855
102.0	61.199999999999996	62.12961831023372
103.7	61.199999999999996	61.163189687894715
105.39999999999999	61.199999999999996	40.56001817769004
0.0	62.9	5.998783129655927
1.7	62.9	2.3228203953124553
3.4	62.9	0.9145077903868857
5.1	62.9	0.5422871964490752
6.8	62.9	0.4707293623001246
8.5	62.9	0.3872522398894737
10.2	62.9	0.32239340657775045
11.9	62.9	0.3280783442771688
13.6	62.9	0.3309553796556362
15.299999999999999	62.9	0.2961476825117882
17.0	62.9	0.3303486953696061
18.7	62.9	0.3013626617548341
20.4	62.9	0.26388579693503966
22.099999999999998	62.9	0.3223690261122688
23.8	62.9	0.3221863812520283
25.5	62.9	0.3449678675535874
27.2	62.9	0.3799775235140478
28.9	62.9	0.4222334135000924
30.599999999999998	62.9	0.45165881840505273
32.3	62.9	0.5756267047640347
34.0	62.9	0.8435974428041992
35.699999999999996	62.9	5.481023878789949
37.4	62.9	38.962899641546166
39.1	62.9	41.737764784601346
40.8	62.9	45.197501054525254
42.5	62.9	51.035961421122465
44.199999999999996	62.9	46.134983105578485
45.9	62.9	42.9214753173781
47.6	62.9	49.80859408487494
49.3	62.9	49.242568170207434
51.0	62.9	53.613431617171926
52.699999999999996	62.9	58.659511017907874
54.4	62.9	26.691572346641244
56.1	62.9	27.423923249092017
57.8	62.9	18.500710826625475
59.5	62.9	12.085634093013011
61.199999999999996	62.9	7.506549108778163
62.9	62.9	8.42978029425226
64.6	62.9	9.875872275918207
66.3	62.9	10.100774744967776
68.0	62.9	9.68543760697144
69.7	62.9	9.770040580850786
71.39999999999999	62.9	9.891963631700952
73.1	62.9	10.006657967280615
74.8	62.9	10.366452675021993
76.5	62.9	10.809089176886488
78.2	62.9	11.474064827659054
79.89999999999999	62.9	12.092686036950688
81.6	62.9	12.692856012704757
83.3	62.9	13.67713125812553
85.0	62.9	13.791030569047594
86.7	62.9	16.12158724303487
88.39999999999999	62.9	17.408016507791974
90.1	62.9	19.11410822612626
91.8	62.9	20.581357099036467
93.5	62.9	21.9346000063239
95.2	62.9	24.679170501590818
96.89999999999999	62.9	26.227183082296026
98.6	62.9	28.128908818747593
100.3	62.9	34.26287866342014
102.0	62.9	36.00739338080356
103.7	62.9	32.650778648330714
105.39999999999999	62.9	38.54268144265344
0.0	64.6	12.518441068733145
1.7	64.6	4.350751909476058
3.4	64.6	1.5487309340891726
5.1	64.6	0.7302420875667485
6.8	64.6	0.5323092044797724
8.5	64.6	0.41488167153354527
10.2	64.6	0.3867703570575936
11.9	64.6	0.34404138340151963
13.6	64.6	0.3259619929351048
15.299999999999999	64.6	0.3472706253496021
17.0	64.6	0.3157796346958014
18.7	64.6	0.283672782307309
20.4	64.6	0.3116484861641421
22.099999999999998	64.6	0.33120051763949343
23.8	64.6	0.34928510518669786
25.5	64.6	0.3362165286959202
27.2	64.6	0.3588165569254954
28.9	64.6	0.40869981609676426
30.599999999999998	64.6	0.4403173771506228
32.3	64.6	0.5002590759085492
34.0	64.6	0.6380236381111747
35.699999999999996	64.6	1.1806353327966859
37.4	64.6	34.27413449298474
39.1	64.6	40.84727845860767
40.8	64.6	42.32339973842766
42.5	64.6	46.54148191956145
44.199999999999996	64.6	50.84231612001539
45.9	64.6	48.09413484708042
47.6	64.6	52.58190932949715
49.3	64.6	53.132775748837105
51.0	64.6	57.81594475598877
52.699999999999996	64.6	36.25313790359641
54.4	64.6	27.67141447406983
56.1	64.6	24.445091393175346
57.8	64.6	14.706809020754173
59.5	64.6	8.81450760189035
61.199999999999996	64.6	4.618975222510818
62.9	64.6	4.570751396515939
64.6	64.6	5.930633988124408
66.3	64.6	6.392914098836845
68.0	64.6	6.768246653493848
69.7	64.6	6.78731148381117
71.39999999999999	64.6	6.800006883316153
73.1	64.6	6.883882926081943
74.8	64.6	6.966346471072965
76.5	64.6	7.07406180484333
78.2	64.6	7.131219970164183
79.89999999999999	64.6	7.173305244646777
81.6	64.6	7.284227560666121
83.3	64.6	7.3864188997249745
85.0	64.6	7.625433452159071
86.7	64.6	7.948274032408348
88.39999999999999	64.6	7.92492311630568
90.1	64.6	8.36584606537112
91.8	64.6	8.548027435616724
93.5	64.6	8.797919715083049
95.2	64.6	8.754837749227
96.89999999999999	64.6	9.097892713174621
98.6	64.6	9.265088508979709
100.3	64.6	9.57950408508255
102.0	64.6	9.9468239761601
103.7	64.6	10.2882537798069
105.39999999999999	64.6	10.575906871241637
0.0	66.3	15.703708988916935
1.7	66.3	6.815942838360326
3.4	66.3	2.5709981509668216
5.1	66.3	0.982608890012446
6.8	66.3	0.5715541737383119
8.5	66.3	0.4949520557629583
10.2	66.3	0.37643451867868605
11.9	66.3	0.35695755668005413
13.6	66.3	0.33609654012271395
15.299999999999999	66.3	0.33753058987270523
17.0	66.3	0.3026101974512137
18.7	66.3	0.2866166784137393
20.4	66.3	0.29617441377319975
22.099999999999998	66.3	0.2993563965244574
23.8	66.3	0.3409901716580038
25.5	66.3	0.3081641852499631
27.2	66.3	0.36341814886351564
28.9	66.3	0.38070283641278213
30.599999999999998	66.3	0.4250993367486371
32.3	66.3	0.47664329410610046
34.0	66.3	0.5173291781340876
35.699999999999996	66.3	0.6913942707336979
37.4	66.3	2.5598626160003635
39.1	66.3	38.60124127189544
40.8	66.3	40.40450714505575
42.5	66.3	46.489696972574784
44.199999999999996	66.3	49.525940239497494
45.9	66.3	53.10221219285276
47.6	66.3	55.5481470544922
49.3	66.3	56.98622922993669
51.0	66.3	57.94342162416381
52.699999999999996	66.3	26.069406025620594
54.4	66.3	27.32709619935916
56.1	66.3	19.650988334801085
57.8	66.3	12.121028856223987
59.5	66.3	5.742182767884226
61.199999999999996	66.3	2.912039910565714
62.9	66.3	2.9135312436993925
64.6	66.3	3.3964444604505575
66.3	66.3	3.5214965135209155
68.0	66.3	3.591045207766026
69.7	66.3	3.5725077715072864
71.39999999999999	66.3	3.7151414014485136
73.1	66.3	3.7301688785955887
74.8	66.3	3.8641901380327353
76.5	66.3	4.114971584724374
78.2	66.3	4.157787642157404
79.89999999999999	66.3	4.379997986716433
81.6	66.3	4.606849057964599
83.3	66.3	4.750023404915515
85.0	66.3	4.882800890553229
86.7	66.3	4.989009389343188
88.39999999999999	66.3	5.141364649200086
90.1	66.3	5.2206583528196795
91.8	66.3	5.340086309501747
93.5	66.3	5.487546439061992
95.2	66.3	5.506213414414794
96.89999999999999	66.3	5.67663148927413
98.6	66.3	5.7861054802468805
100.3	66.3	5.923300813485929
102.0	66.3	6.0130974163822595
103.7	66.3	6.251341368112474
105.39999999999999	66.3	6.4987150168541135
0.0	68.0	19.438236750526528
1.7	68.0	12.43396477492467
3.4	68.0	4.634810009981624
5.1	68.0	1.6703066083480234
6.8	68.0	0.7590197353877858
8.5	68.0	0.5302507826713599
10.2	68.0	0.43605958250204435
11.9	68.0	0.415441809351152
13.6	68.0	0.3283140936672476
15.299999999999999	68.0	0.2903378038382763
17.0	68.0	0.32029933936304644
18.7	68.0	0.30040759782248505
20.4	68.0	0.31843621108720466
22.099999999999998	68.0	0.30462067561379824
23.8	68.0	0.33719662661787336
25.5	68.0	0.3396703853041548
27.2	68.0	0.33536516434067415
28.9	68.0	0.3667482606364502
30.599999999999998	68.0	0.40562605203008256
32.3	68.0	0.4006472928739891
34.0	68.0	0.4800250169292795
35.699999999999996	68.0	0.6160421699059964
37.4	68.0	1.0905464712756952
39.1	68.0	16.80459941173313
40.8	68.0	38.498148844702676
42.5	68.0	42.46065004235631
44.199999999999996	68.0	46.210275031294216
45.9	68.0	54.84447352371846
47.6	68.0	58.31285343117243
49.3	68.0	61.77508280883132
51.0	68.0	28.99836877932006
52.699999999999996	68.0	27.52784634804524
54.4	68.0	23.74205701770865
56.1	68.0	15.09959852941436
57.8	68.0	8.335419802832803
59.5	68.0	3.0984965675111376
61.199999999999996	68.0	1.5593794567039716
62.9	68.0	1.5792953884929273
64.6	68.0	1.848918243857831
66.3	68.0	1.9979730860662204
68.0	68.0	2.2311393598090925
69.7	68.0	2.255879426779565
71.39999999999999	68.0	2.3709559800123277
73.1	68.0	2.425242219372778
74.8	68.0	2.5204161946656014
76.5	68.0	2.6241111900222074
78.2	68.0	2.721037705470591
79.89999999999999	68.0	2.833771770120303
81.6	68.0	2.9622132724218506
83.3	68.0	2.9940355486106416
85.0	68.0	3.035376395799106
86.7	68.0	3.11524680440139
88.39999999999999	68.0	3.1277928282710032
90.1	68.0	3.080559944992587
91.8	68.0	3.1618195614834637
93.5	68.0	3.1638404977524175
95.2	68.0	3.1766237093153347
96.89999999999999	68.0	3.289018214390433
98.6	68.0	3.411257257025404
100.3	68.0	3.4200028138145155
102.0	68.0	3.549673062306779
103.7	68.0	3.6081359856216535
105.39999999999999	68.0	3.7445571168943426
0.0	69.7	23.075849806619587
1.7	69.7	16.443772423784896
3.4	69.7	7.349556578291295
5.1	69.7	2.7391476386685185
6.8	69.7	1.1820101062353658
8.5	69.7	0.6777548341301277
10.2	69.7	0.5209512330605616
11.9	69.7	0.4317424143005796
13.6	69.7	0.30026210463397485
15.299999999999999	69.7	0.32661041636387056
17.0	69.7	0.32893082403045376
18.7	69.7	0.33030235172243194
20.4	69.7	0.33823101538186146
22.099999999999998	69.7	0.3327234383757593
23.8	69.7	0.3317702971833556
25.5	69.7	0.3503441366202753
27.2	69.7	0.3144659517488836
28.9	69.7	0.34528511307146925
30.599999999999998	69.7	0.3731839855141341
32.3	69.7	0.41965253268950986
34.0	69.7	0.4812702182965787
35.699999999999996	69.7	0.5518635001732879
37.4	69.7	0.7581680287000984
39.1	69.7	1.7771775542448562
40.8	69.7	38.94017862956629
42.5	69.7	40.48640721486447
44.199999999999996	69.7	44.54355113988038
45.9	69.7	53.24760096207364
47.6	69.7	61.96680665107318
49.3	69.7	40.40307327477273
51.0	69.7	28.14929096329216
52.699999999999996	69.7	25.75039343190596
54.4	69.7	17.42317876218269
56.1	69.7	11.562157557114874
57.8	69.7	5.406217209873399
59.5	69.7	1.968312221584881
61.199999999999996	69.7	0.8147965877700869
62.9	69.7	0.7291852528085122
64.6	69.7	0.8639537991049222
66.3	69.7	0.949855216752238
68.0	69.7	0.9459411243992122
69.7	69.7	1.081106471832173
71.39999999999999	69.7	1.096576647205991
73.1	69.7	1.1719035633920687
74.8	69.7	1.2848808920239456
76.5	69.7	1.2057257583728782
78.2	69.7	1.4466190590425054
79.89999999999999	69.7	1.4749071507861609
81.6	69.7	1.5385074047682095
83.3	69.7	1.5822692263615947
85.0	69.7	1.5479643567852452
86.7	69.7	1.6139427094033967
88.39999999999999	69.7	1.5948810436219154
90.1	69.7	1.6987246534013192
91.8	69.7	1.7226772955870966
93.5	69.7	1.7992683222784633
95.2	69.7	1.8474099597890778
96.89999999999999	69.7	1.9849248032404787
98.6	69.7	2.0055163091604813
100.3	69.7	2.0113653784982546
102.0	69.7	2.140752551962849
103.7	69.7	2.2087891638193398
105.39999999999999	69.7	2.256366450607359
0.0	71.39999999999999	26.641724320593934
1.7	71.39999999999999	19.61876180614442
3.4	71.39999999999999	13.847353966427978
5.1	71.39999999999999	5.003662547374155
6.8	71.39999999999999	1.8124322990109436
8.5	71.39999999999999	0.8515564841645031
10.2	71.39999999999999	0.5912620294040449
11.9	71.39999999999999	0.46165881910532325
13.6	71.39999999999999	0.4325711825097423
15.299999999999999	71.39999999999999	0.35261664102426943
17.0	71.39999999999999	0.3320292365402518
18.7	71.39999999999999	0.3175456788244797
20.4	71.39999999999999	0.33562076516048056
22.099999999999998	71.39999999999999	0.28237722124191894
23.8	71.39999999999999	0.2895881400904729
25.5	71.39999999999999	0.33014452423435287
27.2	71.39999999999999	0.34205729102573135
28.9	71.39999999999999	0.3701055564407951
30.599999999999998	71.39999999999999	0.37362055754991474
32.3	71.39999999999999	0.4090838243547085
34.0	71.39999999999999	0.4320290441021917
35.699999999999996	71.39999999999999	0.42896418186800744
37.4	71.39999999999999	0.5937983173495465
39.1	71.39999999999999	0.8874778328114608
40.8	71.39999999999999	5.051526024161293
42.5	71.39999999999999	39.77512187222831
44.199999999999996	71.39999999999999	42.0608153077579
45.9	71.39999999999999	52.37970813784178
47.6	71.39999999999999	58.03483787501282
49.3	71.39999999999999	27.722872439994926
51.0	71.39999999999999	27.890837386140834
52.699999999999996	71.39999999999999	20.961809524426467
54.4	71.39999999999999	13.79498014403099
56.1	71.39999999999999	7.568937179387873
57.8	71.39999999999999	2.8389592426717636
59.5	71.39999999999999	1.1750643455119207
61.199999999999996	71.39999999999999	0.5383855419726892
62.9	71.39999999999999	0.467452350897471
64.6	71.39999999999999	0.4952688666444121
66.3	71.39999999999999	0.46263912616621916
68.0	71.39999999999999	0.5462092432500889
69.7	71.39999999999999	0.5478160745427753
71.39999999999999	71.39999999999999	0.5793228526532818
73.1	71.39999999999999	0.5976692345595278
74.8	71.39999999999999	0.6212872939487909
76.5	71.39999999999999	0.6325632114496466
78.2	71.39999999999999	0.6791236701180401
79.89999999999999	71.39999999999999	0.6856026840858654
81.6	71.39999999999999	0.6752715539263099
83.3	71.39999999999999	0.6241215249985574
85.0	71.39999999999999	0.7061118654748905
86.7	71.39999999999999	0.7053181633832679
88.39999999999999	71.39999999999999	0.7157525387224454
90.1	71.39999999999999	0.7780278944042359
91.8	71.39999999999999	0.7418206128510556
93.5	71.39999999999999	0.766903220443325
95.2	71.39999999999999	0.8046742498543827
96.89999999999999	71.39999999999999	0.8269418582773648
98.6	71.39999999999999	0.8394177797580898
100.3	71.39999999999999	0.8717538622181097
102.0	71.39999999999999	0.8838249622367231
103.7	71.39999999999999	0.9230880998491711
105.39999999999999	71.39999999999999	0.9405298264686759
0.0	73.1	26.2751030339493
1.7	73.1	23.606961976563536
3.4	73.1	16.192767519357545
5.1	73.1	7.856431292792421
6.8	73.1	3.1543947103617085
8.5	73.1	1.2954407915238668
10.2	73.1	0.6942100309893822
11.9	73.1	0.5138705548810523
13.6	73.1	0.4046738088244087
15.299999999999999	73.1	0.37981526316406494
17.0	73.1	0.3659022771313031
18.7	73.1	0.3388762920175701
20.4	73.1	0.3158485705474773
22.099999999999998	73.1	0.31094871167692917
23.8	73.1	0.32192956269465
25.5	73.1	0.3161974880574156
27.2	73.1	0.33220754395016666
28.9	73.1	0.3643992339994136
30.599999999999998	73.1	0.345616577174316
32.3	73.1	0.34231536466767176
34.0	73.1	0.4129947475168706
35.699999999999996	73.1	0.42667678159100486
37.4	73.1	0.5054734400212395
39.1	73.1	0.5962953591857815
40.8	73.1	1.1931674521631754
42.5	73.1	29.074715608515795
44.199999999999996	73.1	39.226853225556056
45.9	73.1	48.4242260166902
47.6	73.1	20.889975715584804
49.3	73.1	25.795021529463487
51.0	73.1	23.099990559900526
52.699999999999996	73.1	15.484754307507608
54.4	73.1	9.60662157260286
56.1	73.1	4.286957537957586
57.8	73.1	1.7263613095167776
59.5	73.1	0.6370881049053316
61.199999999999996	73.1	0.37285053017530445
62.9	73.1	0.35770768893216115
64.6	73.1	0.3471191071209679
66.3	73.1	0.3412978215719937
68.0	73.1	0.3846026728391221
69.7	73.1	0.37070296368800826
71.39999999999999	73.1	0.3848079026727209
73.1	73.1	0.4309129868076534
74.8	73.1	0.35198241962766696
76.5	73.1	0.42115324044300784
78.2	73.1	0.4435205039757693
79.89999999999999	73.1	0.41361229775398123
81.6	73.1	0.40519275827520385
83.3	73.1	0.39728646265019935
85.0	73.1	0.3871548299489123
86.7	73.1	0.4213570369662536
88.39999999999999	73.1	0.41923498885406235
90.1	73.1	0.4289555108832266
91.8	73.1	0.35417060554574537
93.5	73.1	0.42486701487396383
95.2	73.1	0.4472925347900276
96.89999999999999	73.1	0.45161405680102995
98.6	73.1	0.4380281054967129
100.3	73.1	0.48565428255738047
102.0	73.1	0.4881717704658066
103.7	73.1	0.4925914465565935
105.39999999999999	73.1	0.48912484448587634
0.0	74.8	26.663655220564294
1.7	74.8	26.096558437372714
3.4	74.8	19.875278814341044
5.1	74.8	14.005934734144162
6.8	74.8	5.475073840437286
8.5	74.8	2.0666657351209627
10.2	74.8	0.9278128481736897
11.9	74.8	0.5891685523678072
13.6	74.8	0.46943488199743194
15.299999999999999	74.8	0.4023751964276712
17.0	74.8	0.36331417262242094
18.7	74.8	0.2636253624546854
20.4	74.8	0.30604369918832247
22.099999999999998	74.8	0.31423476510800646
23.8	74.8	0.2956328560669028
25.5	74.8	0.2906448230926136
27.2	74.8	0.30480876120739947
28.9	74.8	0.2873874781844856
30.599999999999998	74.8	0.32485111831322805
32.3	74.8	0.3379423874032656
34.0	74.8	0.38816103045941674
35.699999999999996	74.8	0.43048050896594914
37.4	74.8	0.4258106268823729
39.1	74.8	0.5361386772749342
40.8	74.8	0.702292168104023
42.5	74.8	2.1312733584911205
44.199999999999996	74.8	38.297752429244014
45.9	74.8	20.496414882426524
47.6	74.8	15.089579493130099
49.3	74.8	18.032694208431515
51.0	74.8	15.744211643997259
52.699999999999996	74.8	12.116737327454997
54.4	74.8	6.361506061444648
56.1	74.8	2.445716202678281
57.8	74.8	0.8996970030461843
59.5	74.8	0.4670553940621489
61.199999999999996	74.8	0.3464135650353573
62.9	74.8	0.3676048039787073
64.6	74.8	0.343965571656246
66.3	74.8	0.3146705605408801
68.0	74.8	0.3250104429447233
69.7	74.8	0.3257028270558423
71.39999999999999	74.8	0.30054404601111206
73.1	74.8	0.30689794093264305
74.8	74.8	0.3309118211277505
76.5	74.8	0.33089099082015117
78.2	74.8	0.303072742822286
79.89999999999999	74.8	0.3056572745079611
81.6	74.8	0.30369512046396224
83.3	74.8	0.3100961395530744
85.0	74.8	0.30050931413950643
86.7	74.8	0.331702113633161
88.39999999999999	74.8	0.3508151056018786
90.1	74.8	0.3343278286694354
91.8	74.8	0.30622764444127853
93.5	74.8	0.3371711899874166
95.2	74.8	0.35838460301270986
96.89999999999999	74.8	0.3307330659661311
98.6	74.8	0.3516389221362849
100.3	74.8	0.3424723771304478
102.0	74.8	0.3469698884752032
103.7	74.8	0.34075447227735867
105.39999999999999	74.8	0.3709598003130794
0.0	76.5	55.29467761514268
1.7	76.5	25.025334900488073
3.4	76.5	22.272022288073817
5.1	76.5	15.84706846662119
6.8	76.5	9.178158924682393
8.5	76.5	3.679567296780081
10.2	76.5	1.426706229595028
11.9	76.5	0.726479293305785
13.6	76.5	0.5269090667891234
15.299999999999999	76.5	0.43350153127840174
17.0	76.5	0.35029031727306054
18.7	76.5	0.31668421803897273
20.4	76.5	0.3068761917670646
22.099999999999998	76.5	0.29302303030039245
23.8	76.5	0.28230212466781013
25.5	76.5	0.3144417325769251
27.2	76.5	0.3213116851465838
28.9	76.5	0.3044901903181638
30.599999999999998	76.5	0.3200956782358417
32.3	76.5	0.2986779224191486
34.0	76.5	0.3087603036536097
35.699999999999996	76.5	0.3417663578893614
37.4	76.5	0.38046523605488974
39.1	76.5	0.4126289119355911
40.8	76.5	0.4268853851824568
42.5	76.5	0.790126277500762
44.199999999999996	76.5	4.552740880124883
45.9	76.5	4.345994975074277
47.6	76.5	9.977122789784145
49.3	76.5	10.877713209616939
51.0	76.5	10.499207118387687
52.699999999999996	76.5	7.594632683725314
54.4	76.5	3.284910094264397
56.1	76.5	1.4796857280059674
57.8	76.5	0.541559574553413
59.5	76.5	0.38078004873035176
61.199999999999996	76.5	0.32466686608802897
62.9	76.5	0.31002654163521604
64.6	76.5	0.3156812032243033
66.3	76.5	0.31609197894907387
68.0	76.5	0.3152938671668284
69.7	76.5	0.32674373364169534
71.39999999999999	76.5	0.2953271360152088
73.1	76.5	0.3200690144061308
74.8	76.5	0.2903669350699769
76.5	76.5	0.2693521067303647
78.2	76.5	0.31415146480410394
79.89999999999999	76.5	0.2981612317989646
81.6	76.5	0.3037161649564199
83.3	76.5	0.3017429410692312
85.0	76.5	0.3201221565936122
86.7	76.5	0.2928377010144188
88.39999999999999	76.5	0.29733549026135503
90.1	76.5	0.2983140038387299
91.8	76.5	0.2704138829085108
93.5	76.5	0.3006906514298234
95.2	76.5	0.32787488312689406
96.89999999999999	76.5	0.3002291879090494
98.6	76.5	0.3034343871605052
100.3	76.5	0.2490282002667277
102.0	76.5	0.2707322073440094
103.7	76.5	0.258502322490389
105.39999999999999	76.5	0.2830278853070842
