# RamanPL_2D export
# map_kind: integration
# spectrum_type: Raman
# x_unit: cm^-1
# coord_mode: real
# step_size: 0.5
# step_unit: um
# integration_range: (340, 430)
# background_remove: True
# baseline_method: poly
# 
x	y	integration_area
0.0	0.0	129.29189695680833
0.5	0.0	115.68580804132338
1.0	0.0	114.01769697427252
1.5	0.0	129.59166513640463
2.0	0.0	96.22636966126133
2.5	0.0	125.16703720686645
3.0	0.0	113.31184922251701
3.5	0.0	117.38990802461221
4.0	0.0	105.07491593523298
4.5	0.0	92.76998820104423
5.0	0.0	115.88043380907366
5.5	0.0	157.33509768907768
6.0	0.0	120.91530975827416
6.5	0.0	105.02406091393546
7.0	0.0	136.68540461794296
7.5	0.0	892.192321601058
8.0	0.0	2078.3466295703447
8.5	0.0	258.3938513355059
9.0	0.0	127.00813342860808
9.5	0.0	112.05324135813696
10.0	0.0	122.3536906756239
0.0	0.5	116.20679752272414
0.5	0.5	135.08095004056747
1.0	0.5	94.42133033782589
1.5	0.5	122.83718713296953
2.0	0.5	114.89270753060485
2.5	0.5	114.67400345706918
3.0	0.5	121.29250054363929
3.5	0.5	107.55950448066507
4.0	0.5	118.4540978490143
4.5	0.5	116.6124375844572
5.0	0.5	132.0596126207763
5.5	0.5	92.20269736988206
6.0	0.5	125.41717580729991
6.5	0.5	344.0149894981496
7.0	0.5	1546.2924047434583
7.5	0.5	1785.0171155656424
8.0	0.5	783.6023536128489
8.5	0.5	196.72172382119638
9.0	0.5	120.45478902897959
9.5	0.5	118.26206109337325
10.0	0.5	103.82236492475501
0.0	1.0	102.29784478585887
0.5	1.0	115.68448961438799
1.0	1.0	108.67522504931752
1.5	1.0	114.93730988809165
2.0	1.0	97.73836871686129
2.5	1.0	119.97931826103996
3.0	1.0	94.63573552316377
3.5	1.0	138.07534781937278
4.0	1.0	132.65547840438992
4.5	1.0	107.12532210739462
5.0	1.0	113.29366620010951
5.5	1.0	168.1771764929346
6.0	1.0	1086.0868278572846
6.5	1.0	1256.9199630217972
7.0	1.0	521.1803932038373
7.5	1.0	219.75513173390402
8.0	1.0	140.2691759233629
8.5	1.0	133.43605186940974
9.0	1.0	106.62130904175882
9.5	1.0	134.02980475690194
10.0	1.0	130.55212778261352
0.0	1.5	122.64908323529669
0.5	1.5	121.1449252089035
1.0	1.5	112.26126436797749
1.5	1.5	96.26933734273773
2.0	1.5	122.53959671726786
2.5	1.5	128.39657828384819
3.0	1.5	119.29816776040869
3.5	1.5	123.69258798449128
4.0	1.5	97.44692989730804
4.5	1.5	139.23268323867438
5.0	1.5	403.26408904254527
5.5	1.5	1010.0382260098753
6.0	1.5	536.3293018951842
6.5	1.5	235.44568141969694
7.0	1.5	132.21736673530378
7.5	1.5	132.5165991744611
8.0	1.5	123.84451146588479
8.5	1.5	107.8704820983428
9.0	1.5	105.15577872558521
9.5	1.5	159.91521875585053
10.0	1.5	107.96796905032527
0.0	2.0	91.44441059059386
0.5	2.0	101.14531862837366
1.0	2.0	110.38401533431625
1.5	2.0	109.85495406592915
2.0	2.0	122.1033932129528
2.5	2.0	119.48388405981053
3.0	2.0	92.97929080424841
3.5	2.0	129.25337098801376
4.0	2.0	431.84242069669676
4.5	2.0	714.4972985132076
5.0	2.0	409.6786944769734
5.5	2.0	189.7496331816461
6.0	2.0	145.13874776089008
6.5	2.0	130.46286910989076
7.0	2.0	131.76999610373414
7.5	2.0	135.777434468737
8.0	2.0	100.60764083158155
8.5	2.0	116.63055201131075
9.0	2.0	109.6030654257861
9.5	2.0	119.3668529327914
10.0	2.0	127.47217100068254
0.0	2.5	105.55290814396837
0.5	2.5	117.09367141590934
1.0	2.5	88.93475881785176
1.5	2.5	90.88929315112276
2.0	2.5	118.59913937912033
2.5	2.5	155.10917741227473
3.0	2.5	616.3192261432966
3.5	2.5	1554.8487741199656
4.0	2.5	775.4497633875146
4.5	2.5	222.55100452156367
5.0	2.5	130.94385945653727
5.5	2.5	158.785034000359
6.0	2.5	118.97253052298817
6.5	2.5	137.25784987196695
7.0	2.5	139.71073473426983
7.5	2.5	140.58753510925428
8.0	2.5	86.30813622424395
8.5	2.5	143.32092863782188
9.0	2.5	117.70622624292075
9.5	2.5	131.7092336130942
10.0	2.5	121.17968245157354
0.0	3.0	110.27103810216875
0.5	3.0	108.45421933986911
1.0	3.0	124.21068135666997
1.5	3.0	93.01016013248709
2.0	3.0	438.7637294970687
2.5	3.0	1791.0131077625217
3.0	3.0	1436.530802266251
3.5	3.0	445.00337958021964
4.0	3.0	139.71471865250746
4.5	3.0	189.42840741755498
5.0	3.0	114.71290651731839
5.5	3.0	123.83188978616705
6.0	3.0	139.36808285018273
6.5	3.0	116.17742265965892
7.0	3.0	135.6372044497633
7.5	3.0	115.59528725406119
8.0	3.0	105.10743615159421
8.5	3.0	135.9105092517647
9.0	3.0	157.59497017828022
9.5	3.0	121.97269370979417
10.0	3.0	102.98063379041523
0.0	3.5	102.43206643421995
0.5	3.5	110.77964632848717
1.0	3.5	191.9077747586127
1.5	3.5	1652.7911037340564
2.0	3.5	1463.4608803842004
2.5	3.5	656.2491427658853
3.0	3.5	234.2200351307416
3.5	3.5	149.7135779657835
4.0	3.5	119.56703830457623
4.5	3.5	127.08124464202893
5.0	3.5	115.32040904977461
5.5	3.5	100.76915427560445
6.0	3.5	125.90626771954742
6.5	3.5	116.32177323837227
7.0	3.5	112.01510294327595
7.5	3.5	123.59581789325043
8.0	3.5	118.13674908667322
8.5	3.5	85.8623865169566
9.0	3.5	131.77893656369207
9.5	3.5	133.8222944137296
10.0	3.5	94.52423430251376
0.0	4.0	105.77222818791972
0.5	4.0	134.9739908940578
1.0	4.0	166.6060903546387
1.5	4.0	701.9851289130571
2.0	4.0	227.31213697236223
2.5	4.0	127.90040167296982
3.0	4.0	121.24562843731897
3.5	4.0	116.50008516859825
4.0	4.0	142.3639319043305
4.5	4.0	130.996627977247
5.0	4.0	145.85231072635145
5.5	4.0	142.58319961186965
6.0	4.0	115.00545328668665
6.5	4.0	129.37347832393385
7.0	4.0	130.07641947421806
7.5	4.0	117.49567432356423
8.0	4.0	119.40729061231222
8.5	4.0	131.52225487228804
9.0	4.0	207.09046316547742
9.5	4.0	302.5702669079484
10.0	4.0	137.7373153451116
0.0	4.5	117.95209583057813
0.5	4.5	111.28141607347952
1.0	4.5	108.85712394692315
1.5	4.5	103.59895973922895
2.0	4.5	109.08277306161771
2.5	4.5	120.35159962100198
3.0	4.5	111.00975628143131
3.5	4.5	138.67519445543007
4.0	4.5	143.7092966488577
4.5	4.5	97.4863829622081
5.0	4.5	127.86760231627657
5.5	4.5	85.82021761594076
6.0	4.5	121.86200823390001
6.5	4.5	128.9118252181204
7.0	4.5	122.17093683167015
7.5	4.5	131.40095170565024
8.0	4.5	121.97833964680592
8.5	4.5	133.91987026280475
9.0	4.5	170.29555814877742
9.5	4.5	195.04004675653485
10.0	4.5	143.5172822622685
0.0	5.0	112.68906889821125
0.5	5.0	112.56420794413411
1.0	5.0	110.93420961318283
1.5	5.0	142.36566597638102
2.0	5.0	112.59558390161746
2.5	5.0	128.99585966286892
3.0	5.0	110.51035696822801
3.5	5.0	92.373749869087
4.0	5.0	149.73891365368436
4.5	5.0	130.0268338478678
5.0	5.0	107.73306384824627
5.5	5.0	125.53693553204106
6.0	5.0	129.49413256300187
6.5	5.0	103.21890859422702
7.0	5.0	175.5877418712521
7.5	5.0	138.21889051686867
8.0	5.0	113.80917828103622
8.5	5.0	121.2574301735508
9.0	5.0	119.20555683867335
9.5	5.0	105.70836661535745
10.0	5.0	109.45401702203988
0.0	5.5	147.51933317197853
0.5	5.5	106.693839302059
1.0	5.5	132.94163321298262
1.5	5.5	139.4069440460701
2.0	5.5	120.27663072021362
2.5	5.5	149.1214742184012
3.0	5.5	135.934289165624
3.5	5.5	111.90459603879808
4.0	5.5	100.09611910105981
4.5	5.5	134.35867896259427
5.0	5.5	128.88344641381326
5.5	5.5	121.94944161458436
6.0	5.5	137.55381098113892
6.5	5.5	140.93255470153588
7.0	5.5	142.59064059353568
7.5	5.5	140.73843836341973
8.0	5.5	140.0492787805334
8.5	5.5	94.56327712478185
9.0	5.5	117.8118107376232
9.5	5.5	123.29122824717962
10.0	5.5	144.64548046683606
0.0	6.0	107.01069837659301
0.5	6.0	125.64864987667777
1.0	6.0	113.87292126904667
1.5	6.0	143.36303921923076
2.0	6.0	125.49661990493892
2.5	6.0	104.00302219189814
3.0	6.0	118.7243366718707
3.5	6.0	156.92416030577394
4.0	6.0	136.644861057303
4.5	6.0	124.43204248065607
5.0	6.0	124.14263061655465
5.5	6.0	116.0104227402673
6.0	6.0	154.14163969185026
6.5	6.0	120.60762912471039
7.0	6.0	116.0343721016666
7.5	6.0	110.07955581465565
8.0	6.0	102.5856398762619
8.5	6.0	123.58681737832916
9.0	6.0	108.73855581003981
9.5	6.0	113.53156157398985
10.0	6.0	100.7651823153596
0.0	6.5	115.86938630073612
0.5	6.5	107.50853291565917
1.0	6.5	111.23001437603745
1.5	6.5	134.36312992788376
2.0	6.5	93.41959728173771
2.5	6.5	119.60241569850223
3.0	6.5	134.0014491558525
3.5	6.5	149.1080379588504
4.0	6.5	105.66418742035654
4.5	6.5	124.72109974165504
5.0	6.5	106.03071249518
5.5	6.5	120.25705897248754
6.0	6.5	82.09621597521533
6.5	6.5	101.56357599143152
7.0	6.5	109.02926739783014
7.5	6.5	119.75685638893876
8.0	6.5	123.311810971587
8.5	6.5	116.21687417910456
9.0	6.5	86.49224698329968
9.5	6.5	126.91726047107757
10.0	6.5	136.2187629419325
0.0	7.0	112.02891194445574
0.5	7.0	108.46728810655327
1.0	7.0	122.94599881050348
1.5	7.0	98.38484683872468
2.0	7.0	127.10244237756281
2.5	7.0	117.30165110556612
3.0	7.0	129.6081703260597
3.5	7.0	164.3324158412787
4.0	7.0	144.98314595054998
4.5	7.0	122.94185631182863
5.0	7.0	103.8979043117082
5.5	7.0	112.38416643056057
6.0	7.0	120.38359907035303
6.5	7.0	101.75021003106558
7.0	7.0	135.58428428117472
7.5	7.0	143.37266832082906
8.0	7.0	114.24077046957068
8.5	7.0	106.30896274724384
9.0	7.0	127.56992241016484
9.5	7.0	110.81672869445863
10.0	7.0	124.28713677410674
0.0	7.5	124.30971383697342
0.5	7.5	127.00856959879692
1.0	7.5	123.17479339857444
1.5	7.5	123.70661737733752
2.0	7.5	106.23542251655567
2.5	7.5	106.17607539069826
3.0	7.5	148.9585824273133
3.5	7.5	136.13493846479102
4.0	7.5	149.22709745901145
4.5	7.5	130.38326366788868
5.0	7.5	121.15687529435556
5.5	7.5	125.01620759102519
6.0	7.5	110.55822705888576
6.5	7.5	138.90426641047364
7.0	7.5	112.63013716590861
7.5	7.5	130.46355178430684
8.0	7.5	127.3339036359159
8.5	7.5	113.33993503589703
9.0	7.5	125.02407556922707
9.5	7.5	113.54336020855473
10.0	7.5	117.77051385243647
0.0	8.0	112.37258298619275
0.5	8.0	132.68644282888923
1.0	8.0	92.69305199256225
1.5	8.0	120.04096142003053
2.0	8.0	123.37356590577404
2.5	8.0	127.7226836522173
3.0	8.0	248.48095137892534
3.5	8.0	207.63375840076878
4.0	8.0	155.87751964658545
4.5	8.0	140.9094434469631
5.0	8.0	119.22888858468244
5.5	8.0	95.42657468131608
6.0	8.0	100.15681780558272
6.5	8.0	142.50400651455945
7.0	8.0	203.86184016779498
7.5	8.0	179.95762091536434
8.0	8.0	109.76695134879574
8.5	8.0	126.38602783766504
9.0	8.0	101.2860248963425
9.5	8.0	112.7018728721388
10.0	8.0	120.94017680416269
0.0	8.5	162.64334620658013
0.5	8.5	109.84052756976115
1.0	8.5	120.8529664832083
1.5	8.5	94.48462698056103
2.0	8.5	127.7543052276764
2.5	8.5	141.19693846166376
3.0	8.5	342.44546953009313
3.5	8.5	187.00437541405296
4.0	8.5	158.57999826929503
4.5	8.5	121.68354628207531
5.0	8.5	106.50614499986574
5.5	8.5	134.31573474415222
6.0	8.5	107.09832446302902
6.5	8.5	134.96707829481636
7.0	8.5	167.61350402239748
7.5	8.5	1227.7268487186807
8.0	8.5	369.0887825975513
8.5	8.5	139.08917689241454
9.0	8.5	124.61702513121574
9.5	8.5	118.11820576923523
10.0	8.5	98.39368002339452
0.0	9.0	102.57189696074353
0.5	9.0	117.30440762173272
1.0	9.0	102.28527319692165
1.5	9.0	130.37861783417776
2.0	9.0	144.4925600960597
2.5	9.0	186.8495203781446
3.0	9.0	429.7709516983481
3.5	9.0	232.98227844168397
4.0	9.0	134.36317057382846
4.5	9.0	117.98652402563533
5.0	9.0	112.81188390907641
5.5	9.0	123.41343412529105
6.0	9.0	117.12834429565818
6.5	9.0	98.02261959165324
7.0	9.0	129.56193397310915
7.5	9.0	414.37706491500194
8.0	9.0	1991.3786986297741
8.5	9.0	543.6450861405806
9.0	9.0	132.24845924370015
9.5	9.0	103.63539901358477
10.0	9.0	115.7835676373418
0.0	9.5	117.26322576642445
0.5	9.5	119.51564751216016
1.0	9.5	140.43603387248027
1.5	9.5	132.43748100549237
2.0	9.5	135.22908038054686
2.5	9.5	401.3548045605545
3.0	9.5	321.7638413200591
3.5	9.5	168.46893524722606
4.0	9.5	146.2523613596507
4.5	9.5	99.68896516708665
5.0	9.5	97.94171367239443
5.5	9.5	94.53174322921608
6.0	9.5	121.0742345122956
6.5	9.5	121.0940929385264
7.0	9.5	109.43178304170944
7.5	9.5	122.16665422875163
8.0	9.5	604.8275852353452
8.5	9.5	2564.9315663093553
9.0	9.5	356.85374787362866
9.5	9.5	114.92102454874671
10.0	9.5	108.72192218602574
0.0	10.0	121.97780487079679
0.5	10.0	100.37468073921308
1.0	10.0	126.76700328147291
1.5	10.0	111.94514950378537
2.0	10.0	234.55162374425257
2.5	10.0	867.4058148272776
3.0	10.0	333.8348420535576
3.5	10.0	139.3744474313798
4.0	10.0	125.41167583310913
4.5	10.0	125.50953537546977
5.0	10.0	127.51815255945837
5.5	10.0	93.55837047452805
6.0	10.0	114.18422141793336
6.5	10.0	124.72660362336647
7.0	10.0	145.63883744559104
7.5	10.0	138.62363768561178
8.0	10.0	146.0137710713896
8.5	10.0	1165.433634917938
9.0	10.0	1455.0785989497576
9.5	10.0	160.16213224685418
10.0	10.0	96.29968977648848
0.0	10.5	124.33621579741636
0.5	10.5	128.98351793258564
1.0	10.5	114.29471048710741
1.5	10.5	94.47445449020698
2.0	10.5	445.8867154406939
2.5	10.5	2145.9799396559324
3.0	10.5	636.3785943059717
3.5	10.5	152.8764387917318
4.0	10.5	105.89211877108548
4.5	10.5	147.64866067420257
5.0	10.5	123.95739467041103
5.5	10.5	120.81912910551998
6.0	10.5	120.89704498385954
6.5	10.5	113.73800402827193
7.0	10.5	131.9058513460264
7.5	10.5	145.39227096718216
8.0	10.5	118.59425161102288
8.5	10.5	209.32001499712902
9.0	10.5	1489.3341805355699
9.5	10.5	294.5003998086033
10.0	10.5	127.33920878030406
0.0	11.0	122.60828728090671
0.5	11.0	103.73468373208567
1.0	11.0	100.06755147187182
1.5	11.0	112.09551089670985
2.0	11.0	187.5583694336365
2.5	11.0	527.2305055357899
3.0	11.0	205.48171877059684
3.5	11.0	90.01362199797325
4.0	11.0	86.63243930764271
4.5	11.0	133.171015926459
5.0	11.0	147.41555016100023
5.5	11.0	128.13697472411533
6.0	11.0	106.43380503414794
6.5	11.0	111.31653237047902
7.0	11.0	102.92447538844266
7.5	11.0	115.66545485374698
8.0	11.0	126.60093456623721
8.5	11.0	126.2571168086143
9.0	11.0	602.9201945820811
9.5	11.0	287.81013886651823
10.0	11.0	132.81425776274384
0.0	11.5	126.67728745542473
0.5	11.5	100.74195922352037
1.0	11.5	118.07905688199988
1.5	11.5	150.47455320570904
2.0	11.5	153.1627453398309
2.5	11.5	129.11425833921382
3.0	11.5	128.51711800065172
3.5	11.5	107.208650208121
4.0	11.5	108.68417104175646
4.5	11.5	102.44491278919932
5.0	11.5	129.81764431872563
5.5	11.5	99.28901841560328
6.0	11.5	134.47525568637826
6.5	11.5	121.41745444519012
7.0	11.5	120.05184743036632
7.5	11.5	124.13815122183546
8.0	11.5	115.06312027532523
8.5	11.5	124.97421657984074
9.0	11.5	254.4985180038354
9.5	11.5	288.6841559867952
10.0	11.5	133.99931047703762
0.0	12.0	104.68514483314857
0.5	12.0	146.89568750026413
1.0	12.0	108.83052715813487
1.5	12.0	99.88692391075756
2.0	12.0	114.86874791328222
2.5	12.0	105.08574379670684
3.0	12.0	112.10963407389195
3.5	12.0	127.5514588253863
4.0	12.0	105.1372747005489
4.5	12.0	168.448570680237
5.0	12.0	114.74935017272031
5.5	12.0	116.10507489006977
6.0	12.0	116.16549256435374
6.5	12.0	161.97409357101034
7.0	12.0	98.96781648517754
7.5	12.0	113.65186069030172
8.0	12.0	119.22010334036287
8.5	12.0	133.19895767709
9.0	12.0	360.80242044888485
9.5	12.0	379.2795385965447
10.0	12.0	103.31824154851802
0.0	12.5	106.04012879784622
0.5	12.5	137.0540700243185
1.0	12.5	133.72647763710438
1.5	12.5	107.39740049698337
2.0	12.5	136.4226376670513
2.5	12.5	106.88108850210011
3.0	12.5	101.00320243310486
3.5	12.5	106.8306953200787
4.0	12.5	171.1727890343743
4.5	12.5	126.52013971763782
5.0	12.5	103.96918032857963
5.5	12.5	109.87081284064863
6.0	12.5	102.71426644014137
6.5	12.5	110.57121042212589
7.0	12.5	103.81453701441976
7.5	12.5	127.80555505567183
8.0	12.5	138.12245287850564
8.5	12.5	107.04321316453411
9.0	12.5	610.0262039909354
9.5	12.5	742.4257378433022
10.0	12.5	161.22761202855506
0.0	13.0	144.19578933681058
0.5	13.0	128.9205911576684
1.0	13.0	140.7305467103531
1.5	13.0	126.55670968970131
2.0	13.0	119.40896278927828
2.5	13.0	134.45479354377494
3.0	13.0	121.17332690796887
3.5	13.0	107.44943025792765
4.0	13.0	115.0872009493962
4.5	13.0	133.1188250318092
5.0	13.0	152.9659240514013
5.5	13.0	136.76058806489144
6.0	13.0	146.22392372530774
6.5	13.0	110.31100596068612
7.0	13.0	120.64219064175678
7.5	13.0	117.00808754836629
8.0	13.0	113.90323937113858
8.5	13.0	115.96106547814598
9.0	13.0	1206.9138473120627
9.5	13.0	938.5409786434807
10.0	13.0	175.16008777160874
0.0	13.5	125.1046106985787
0.5	13.5	121.46881587326916
1.0	13.5	130.7752356482899
1.5	13.5	115.14979348647181
2.0	13.5	128.0106429717552
2.5	13.5	118.92340406819349
3.0	13.5	103.77378694454262
3.5	13.5	126.9792276615492
4.0	13.5	118.44928135128116
4.5	13.5	104.0376667666897
5.0	13.5	100.60281235579488
5.5	13.5	144.30534443489324
6.0	13.5	106.65442255994294
6.5	13.5	117.47144239827767
7.0	13.5	107.65211179808891
7.5	13.5	105.56025183819881
8.0	13.5	162.6584170458449
8.5	13.5	139.8229615693805
9.0	13.5	2455.2544265195934
9.5	13.5	871.0722903243797
10.0	13.5	154.71144568313426
0.0	14.0	95.26261885007325
0.5	14.0	96.05928972596452
1.0	14.0	133.66823212141446
1.5	14.0	98.74539267940165
2.0	14.0	97.98987233063062
2.5	14.0	109.00051371852341
3.0	14.0	104.73578279273625
3.5	14.0	141.28797530604706
4.0	14.0	125.5892851616599
4.5	14.0	134.2915984343797
5.0	14.0	96.805924003016
5.5	14.0	142.5574828723048
6.0	14.0	132.6786905197377
6.5	14.0	146.0376775318791
7.0	14.0	164.02514017827448
7.5	14.0	141.41852219751217
8.0	14.0	110.35727430801617
8.5	14.0	347.0646693636123
9.0	14.0	1395.5422154658822
9.5	14.0	381.18899222549635
10.0	14.0	118.15521040506083
0.0	14.5	93.8932732369285
0.5	14.5	86.98954288572526
1.0	14.5	132.9941187913458
1.5	14.5	95.74575538311443
2.0	14.5	123.79698353200601
2.5	14.5	106.10468244288649
3.0	14.5	87.26821836191196
3.5	14.5	112.46231503954003
4.0	14.5	119.00023950812755
4.5	14.5	129.10262277774586
5.0	14.5	112.64791817454393
5.5	14.5	93.8091700249871
6.0	14.5	100.7575435846745
6.5	14.5	122.28759209928874
7.0	14.5	126.44678926272806
7.5	14.5	145.82666144685066
8.0	14.5	199.25111978299373
8.5	14.5	613.6741313025861
9.0	14.5	340.9180404546186
9.5	14.5	123.09549602003
10.0	14.5	116.07902932099168
0.0	15.0	103.78625377664405
0.5	15.0	126.80661942228853
1.0	15.0	122.10643154391788
1.5	15.0	91.97950142022643
2.0	15.0	99.66293916367432
2.5	15.0	108.47473176731954
3.0	15.0	105.69737497128605
3.5	15.0	122.76496896954085
4.0	15.0	99.65745312906125
4.5	15.0	97.62181221896654
5.0	15.0	139.3303706881678
5.5	15.0	123.47177254200518
6.0	15.0	133.08134519425562
6.5	15.0	134.95144951663062
7.0	15.0	158.00956863189123
7.5	15.0	493.60818403995546
8.0	15.0	980.6339711464439
8.5	15.0	749.6688333969978
9.0	15.0	132.26413954280358
9.5	15.0	112.83583636126893
10.0	15.0	130.74131663285664
0.0	15.5	120.59635004881054
0.5	15.5	101.40931734024274
1.0	15.5	119.83888982962348
1.5	15.5	100.64268789389483
2.0	15.5	121.39302846993253
2.5	15.5	143.06898683260516
3.0	15.5	122.77678753643761
3.5	15.5	103.1245402851549
4.0	15.5	120.44900608530156
4.5	15.5	118.47351387506043
5.0	15.5	130.77348610850464
5.5	15.5	116.73789288700914
6.0	15.5	120.3397927489969
6.5	15.5	222.88453546505582
7.0	15.5	521.2232402477949
7.5	15.5	3228.537935363858
8.0	15.5	2442.834347594455
8.5	15.5	943.3993341748838
9.0	15.5	203.84474001656093
9.5	15.5	120.1502377646866
10.0	15.5	89.48186903467838
0.0	16.0	88.5341878198004
0.5	16.0	140.3134762563805
1.0	16.0	98.4961587805563
1.5	16.0	100.1848530767156
2.0	16.0	102.75004094216483
2.5	16.0	106.6499205120918
3.0	16.0	122.73463332924301
3.5	16.0	103.68722671251321
4.0	16.0	104.05973142188893
4.5	16.0	109.40842697949253
5.0	16.0	144.00255422357313
5.5	16.0	135.44441772437818
6.0	16.0	429.28574762619655
6.5	16.0	1174.8467329685368
7.0	16.0	918.0717906518478
7.5	16.0	1826.1830321264708
8.0	16.0	1269.3324226112038
8.5	16.0	261.0521205172397
9.0	16.0	125.97692134626838
9.5	16.0	135.87423472908134
10.0	16.0	89.30675718426646
0.0	16.5	120.45977612413304
0.5	16.5	115.84188498662405
1.0	16.5	117.53234539907416
1.5	16.5	123.16208450827756
2.0	16.5	110.33207300934238
2.5	16.5	109.67401091389607
3.0	16.5	108.00501295815502
3.5	16.5	125.74568256301606
4.0	16.5	142.6321076193194
4.5	16.5	106.42429052426448
5.0	16.5	154.71907443486026
5.5	16.5	411.6886876846082
6.0	16.5	768.2945529112911
6.5	16.5	1417.4387260041728
7.0	16.5	982.8699686741859
7.5	16.5	536.1767880457116
8.0	16.5	188.80028092394562
8.5	16.5	141.37873335686535
9.0	16.5	117.99289175994251
9.5	16.5	106.51608850470215
10.0	16.5	103.48094705483574
0.0	17.0	125.10959963480133
0.5	17.0	140.2676844299271
1.0	17.0	94.26266012453887
1.5	17.0	118.53070919227059
2.0	17.0	100.44273818329616
2.5	17.0	114.28763053871963
3.0	17.0	150.86168078720627
3.5	17.0	111.07089206847822
4.0	17.0	129.51228715203064
4.5	17.0	202.54471796213707
5.0	17.0	355.21495771566845
5.5	17.0	456.69349186569224
6.0	17.0	653.5109521097285
6.5	17.0	951.6223875185041
7.0	17.0	530.270126699181
7.5	17.0	269.5337334315641
8.0	17.0	117.54835337846346
8.5	17.0	118.91691077409574
9.0	17.0	144.30136893659528
9.5	17.0	98.00358868982714
10.0	17.0	114.93352262315075
0.0	17.5	138.60601086417992
0.5	17.5	105.34399820345689
1.0	17.5	102.87766892688776
1.5	17.5	137.02486040518832
2.0	17.5	94.40751780963402
2.5	17.5	134.82596174617413
3.0	17.5	122.71457877587683
3.5	17.5	129.43154611147585
4.0	17.5	219.68912707561267
4.5	17.5	288.53149453235324
5.0	17.5	360.4119525066978
5.5	17.5	365.50529847607777
6.0	17.5	396.975073295986
6.5	17.5	363.82606913206604
7.0	17.5	205.44593901356694
7.5	17.5	121.33650809445055
8.0	17.5	116.22270744993783
8.5	17.5	114.6186509618892
9.0	17.5	120.46835025710524
9.5	17.5	121.48240705698359
10.0	17.5	129.75144678901992
0.0	18.0	119.16340050093392
0.5	18.0	112.09043691899296
1.0	18.0	130.60369405050903
1.5	18.0	128.68328139649967
2.0	18.0	146.34262721349037
2.5	18.0	257.8297195110979
3.0	18.0	374.13987299909365
3.5	18.0	362.91830459006707
4.0	18.0	360.0247996645466
4.5	18.0	337.6331971750259
5.0	18.0	273.2851638462751
5.5	18.0	180.26083547069453
6.0	18.0	129.83588623694808
6.5	18.0	147.93196591605428
7.0	18.0	142.09549037877449
7.5	18.0	117.38396596482656
8.0	18.0	106.31548186769687
8.5	18.0	102.1662179098246
9.0	18.0	126.96990377247502
9.5	18.0	137.93296543658434
10.0	18.0	117.25716319911314
0.0	18.5	99.01129071535948
0.5	18.5	116.84662399709278
1.0	18.5	102.09262153245827
1.5	18.5	123.52435338704178
2.0	18.5	1608.6556829871197
2.5	18.5	1788.4448274204142
3.0	18.5	743.7075467815997
3.5	18.5	435.5548366741905
4.0	18.5	232.13796308129128
4.5	18.5	186.93413794114593
5.0	18.5	150.68943735643182
5.5	18.5	132.91340035277284
6.0	18.5	123.53695362680301
6.5	18.5	128.50220794934324
7.0	18.5	112.56070865387186
7.5	18.5	138.60364110035155
8.0	18.5	114.71277445750759
8.5	18.5	143.18583342995888
9.0	18.5	122.21342675806319
9.5	18.5	109.32547442555526
10.0	18.5	129.909383769222
0.0	19.0	97.97944324689904
0.5	19.0	132.01462257615074
1.0	19.0	115.88324871238272
1.5	19.0	154.3715100267061
2.0	19.0	2015.9536005574923
2.5	19.0	1850.555474306446
3.0	19.0	691.1348885067081
3.5	19.0	202.37005083404782
4.0	19.0	149.35738173437954
4.5	19.0	134.03560291641418
5.0	19.0	98.9269628443706
5.5	19.0	121.30505964698568
6.0	19.0	87.08868841736613
6.5	19.0	136.8668835990831
7.0	19.0	149.72159518038168
7.5	19.0	123.77941203072572
8.0	19.0	137.9687663067128
8.5	19.0	122.92525333120835
9.0	19.0	131.91165305818086
9.5	19.0	113.4556864821725
10.0	19.0	112.74319497186379
0.0	19.5	92.46477004608712
0.5	19.5	113.70017439098821
1.0	19.5	124.38650409614587
1.5	19.5	131.08769783819807
2.0	19.5	252.62416908040103
2.5	19.5	280.95021913100715
3.0	19.5	174.77155265790893
3.5	19.5	131.72331999723875
4.0	19.5	103.52739496015711
4.5	19.5	148.31986780018138
5.0	19.5	120.20696015584394
5.5	19.5	108.96015018731705
6.0	19.5	87.40397835070507
6.5	19.5	104.46466324193398
7.0	19.5	106.84329535390586
7.5	19.5	104.73978134838724
8.0	19.5	118.60481931643163
8.5	19.5	133.41596873432792
9.0	19.5	90.0591770571143
9.5	19.5	109.98916326830032
10.0	19.5	102.62951727802665
0.0	20.0	121.01569859441005
0.5	20.0	120.49220560169364
1.0	20.0	95.7624699724622
1.5	20.0	135.503324116045
2.0	20.0	157.39447525139155
2.5	20.0	129.86674366120545
3.0	20.0	108.9535707777955
3.5	20.0	127.87014702675906
4.0	20.0	140.84396631813706
4.5	20.0	102.91048335643708
5.0	20.0	108.8281078031377
5.5	20.0	97.77825187738723
6.0	20.0	126.43914943737731
6.5	20.0	98.23797965159844
7.0	20.0	139.65355349895555
7.5	20.0	129.75877645856087
8.0	20.0	124.30188707890409
8.5	20.0	121.42328529901381
9.0	20.0	85.95552604710572
9.5	20.0	134.7936094653806
10.0	20.0	135.58089248153752
0.0	20.5	99.89098644957616
0.5	20.5	107.44257158300049
1.0	20.5	108.88568600144553
1.5	20.5	111.91058809400951
2.0	20.5	78.2500915362785
2.5	20.5	116.11040811333163
3.0	20.5	117.82656368208634
3.5	20.5	122.1274086823629
4.0	20.5	112.37408209617548
4.5	20.5	97.21210626796213
5.0	20.5	128.4961005265069
5.5	20.5	100.41489221390347
6.0	20.5	124.1666986240138
6.5	20.5	141.682032288168
7.0	20.5	92.74663743028323
7.5	20.5	109.48808147355408
8.0	20.5	143.79794534624173
8.5	20.5	100.52112342515352
9.0	20.5	129.65996029364922
9.5	20.5	103.73518298326648
10.0	20.5	132.22314037278358
0.0	21.0	128.8916933471038
0.5	21.0	119.46200938719164
1.0	21.0	118.65542590307612
1.5	21.0	107.2348099513867
2.0	21.0	117.14429216608148
2.5	21.0	116.81067873924424
3.0	21.0	131.87394686208833
3.5	21.0	123.45181105492915
4.0	21.0	128.2643162070461
4.5	21.0	115.16048554924811
5.0	21.0	95.05841781259106
5.5	21.0	118.49761558339961
6.0	21.0	122.22167044841372
6.5	21.0	112.97252816937484
7.0	21.0	127.25805225142544
7.5	21.0	116.91574156028082
8.0	21.0	129.17972585155383
8.5	21.0	120.86685853570884
9.0	21.0	120.79157609174105
9.5	21.0	115.1516330585725
10.0	21.0	106.74057630162346
0.0	21.5	117.3628160739827
0.5	21.5	104.68876733161258
1.0	21.5	103.81104509050195
1.5	21.5	140.87781384698548
2.0	21.5	141.2558453098986
2.5	21.5	155.52577763612877
3.0	21.5	120.69855188231719
3.5	21.5	123.86441462449663
4.0	21.5	124.64849209396232
4.5	21.5	121.02236451516433
5.0	21.5	127.6408971525205
5.5	21.5	132.95932725727866
6.0	21.5	126.06460919250412
6.5	21.5	98.23593305573446
7.0	21.5	119.63040518502628
7.5	21.5	114.6154835721676
8.0	21.5	93.86174377074491
8.5	21.5	128.26189897181808
9.0	21.5	154.10848279947726
9.5	21.5	130.0174819398295
10.0	21.5	144.6626509495371
0.0	22.0	140.5291258557762
0.5	22.0	125.22024401472889
1.0	22.0	129.6391363084288
1.5	22.0	102.22452103565759
2.0	22.0	108.34192689950653
2.5	22.0	113.1100544381518
3.0	22.0	132.67641770355718
3.5	22.0	87.59740147292322
4.0	22.0	122.55836798953585
4.5	22.0	97.03231435435266
5.0	22.0	126.40837182303432
5.5	22.0	108.25881813859363
6.0	22.0	108.77782439717792
6.5	22.0	138.087214512951
7.0	22.0	111.38049338816913
7.5	22.0	140.69935409314104
8.0	22.0	137.00719171400274
8.5	22.0	129.49448291340724
9.0	22.0	116.40820439700715
9.5	22.0	109.9962859590565
10.0	22.0	138.73813880287693
0.0	22.5	115.29168481282704
0.5	22.5	115.16969794301869
1.0	22.5	98.3047904362897
1.5	22.5	95.92207393347712
2.0	22.5	139.42793251790468
2.5	22.5	123.4403031669311
3.0	22.5	104.92604867802078
3.5	22.5	112.80232060456396
4.0	22.5	95.36175718745488
4.5	22.5	99.50142164108202
5.0	22.5	120.25163361163897
5.5	22.5	140.09653155478506
6.0	22.5	116.51974685389592
6.5	22.5	98.31865080746023
7.0	22.5	122.47964835416387
7.5	22.5	121.64379464997856
8.0	22.5	111.1945371920071
8.5	22.5	130.94935529194302
9.0	22.5	112.36784123138477
9.5	22.5	125.1936268810631
10.0	22.5	124.38363694176881
0.0	23.0	128.40946308945402
0.5	23.0	106.99884380735861
1.0	23.0	138.012777816126
1.5	23.0	135.1993289956326
2.0	23.0	115.74944935129112
2.5	23.0	132.52378545474843
3.0	23.0	105.9116295340737
3.5	23.0	150.78285239423795
4.0	23.0	146.12420525696453
4.5	23.0	112.04337195125613
5.0	23.0	90.85492331493587
5.5	23.0	125.79612714901421
6.0	23.0	156.96545316173825
6.5	23.0	133.37161265683474
7.0	23.0	118.0066775430008
7.5	23.0	91.72588532570619
8.0	23.0	126.19352329926531
8.5	23.0	115.88349209143885
9.0	23.0	133.53958894024896
9.5	23.0	110.46418009947446
10.0	23.0	119.09262648883569
0.0	23.5	134.07678042994962
0.5	23.5	120.94767032106336
1.0	23.5	123.50563923205686
1.5	23.5	108.87307397064163
2.0	23.5	83.114527261619
2.5	23.5	108.41224483909129
3.0	23.5	85.40896907101275
3.5	23.5	140.97389097593035
4.0	23.5	84.8206784800495
4.5	23.5	126.85202588572345
5.0	23.5	114.4301418595097
5.5	23.5	132.06714911635058
6.0	23.5	94.17112327887213
6.5	23.5	125.05259935016817
7.0	23.5	112.2765061931549
7.5	23.5	104.9808809212093
8.0	23.5	141.16005886541055
8.5	23.5	105.0174978825272
9.0	23.5	98.36042499251825
9.5	23.5	109.87730068577297
10.0	23.5	106.18099472928013
0.0	24.0	105.53773721838974
0.5	24.0	111.62426496338502
1.0	24.0	132.26449304394419
1.5	24.0	105.42041996337045
2.0	24.0	132.1561750384901
2.5	24.0	105.17707571615152
3.0	24.0	117.7179628069542
3.5	24.0	128.1351076307196
4.0	24.0	122.2718962675114
4.5	24.0	102.14437735210744
5.0	24.0	124.78284088104814
5.5	24.0	121.31631600036472
6.0	24.0	127.49083348346588
6.5	24.0	130.37091875151657
7.0	24.0	101.53850460414087
7.5	24.0	128.27134368535437
8.0	24.0	138.14556496353245
8.5	24.0	120.23643591371355
9.0	24.0	107.58215871732713
9.5	24.0	153.1578661568652
10.0	24.0	126.47626592067144
0.0	24.5	114.85684255160275
0.5	24.5	155.38606287814275
1.0	24.5	122.84278816626183
1.5	24.5	133.35596260024266
2.0	24.5	118.37708198435759
2.5	24.5	130.8575922232731
3.0	24.5	105.51139713124167
3.5	24.5	106.6977612903239
4.0	24.5	135.35241962423672
4.5	24.5	122.2449595397578
5.0	24.5	104.75052339772147
5.5	24.5	108.79553623971267
6.0	24.5	109.83780760929295
6.5	24.5	99.23615537308454
7.0	24.5	111.6445317316245
7.5	24.5	119.35980542955105
8.0	24.5	116.85933954082172
8.5	24.5	102.95567270375201
9.0	24.5	118.67370576528512
9.5	24.5	104.96566057076997
10.0	24.5	130.29379064120215
0.0	25.0	131.18252621596426
0.5	25.0	132.40445151235235
1.0	25.0	134.46148763549192
1.5	25.0	141.3135010027268
2.0	25.0	126.57174239970152
2.5	25.0	111.22991064294335
3.0	25.0	99.500113392142
3.5	25.0	125.17458233441006
4.0	25.0	132.3009044347288
4.5	25.0	125.52583677786791
5.0	25.0	119.44619297564633
5.5	25.0	108.11238484922197
6.0	25.0	102.9245648264374
6.5	25.0	130.62431365123956
7.0	25.0	149.04216536040377
7.5	25.0	1168.7372903655478
8.0	25.0	1856.5926756896329
8.5	25.0	182.32733899499277
9.0	25.0	130.01460612004917
9.5	25.0	94.88203030137498
10.0	25.0	113.49354596574138
0.0	25.5	134.97631211682238
0.5	25.5	99.05201522250509
1.0	25.5	88.22996421354925
1.5	25.5	114.58605996783032
2.0	25.5	129.7175579637774
2.5	25.5	82.48252643810928
3.0	25.5	131.554646679464
3.5	25.5	98.79425656719876
4.0	25.5	143.59900792828083
4.5	25.5	124.96898273320444
5.0	25.5	152.398276101832
5.5	25.5	116.17047438935758
6.0	25.5	121.70714418078433
6.5	25.5	151.1875660296521
7.0	25.5	584.0751003537848
7.5	25.5	2986.29104176247
8.0	25.5	788.5538901891695
8.5	25.5	121.30623110246341
9.0	25.5	106.4001171248653
9.5	25.5	133.06933738326194
10.0	25.5	106.95797145120761
0.0	26.0	120.13494694762485
0.5	26.0	97.05299883118361
1.0	26.0	115.488684488936
1.5	26.0	105.43780304911526
2.0	26.0	127.60019863264037
2.5	26.0	140.87551385639966
3.0	26.0	92.09356943530989
3.5	26.0	123.48685799782277
4.0	26.0	136.87306818810754
4.5	26.0	120.41507345669221
5.0	26.0	100.52542819049701
5.5	26.0	121.56350638082722
6.0	26.0	143.2624698179734
6.5	26.0	194.25859332819087
7.0	26.0	2262.8305106379466
7.5	26.0	774.592811822052
8.0	26.0	142.44791671908052
8.5	26.0	114.4188551904335
9.0	26.0	123.50780048210508
9.5	26.0	121.44744180914935
10.0	26.0	133.00931063350683
0.0	26.5	128.9761782813777
0.5	26.5	130.43236468547784
1.0	26.5	128.7131147011636
1.5	26.5	106.48981867596508
2.0	26.5	89.821200249325
2.5	26.5	87.39248824891664
3.0	26.5	108.77864623455282
3.5	26.5	118.58920218320448
4.0	26.5	95.484138132154
4.5	26.5	113.74797878304946
5.0	26.5	114.883835519121
5.5	26.5	122.52874045983127
6.0	26.5	105.09564975395523
6.5	26.5	2326.4713454310727
7.0	26.5	1110.6277268388917
7.5	26.5	219.41231022059392
8.0	26.5	116.66007330072864
8.5	26.5	121.65199579575241
9.0	26.5	114.1584893794172
9.5	26.5	107.73308516755843
10.0	26.5	135.28510466837258
0.0	27.0	134.8416458184125
0.5	27.0	114.65622866131126
1.0	27.0	87.42307652322553
1.5	27.0	124.91621546258413
2.0	27.0	126.49140342870315
2.5	27.0	113.44671176292515
3.0	27.0	130.57216726266535
3.5	27.0	119.11484478314583
4.0	27.0	101.10612053103156
4.5	27.0	127.16121240673421
5.0	27.0	103.15637479676495
5.5	27.0	95.66625786669157
6.0	27.0	759.2733706197416
6.5	27.0	1122.562720253372
7.0	27.0	348.3422825565833
7.5	27.0	124.57124380276784
8.0	27.0	119.51239389597484
8.5	27.0	111.83387201331696
9.0	27.0	121.72414924418611
9.5	27.0	91.91558862618137
10.0	27.0	112.26520884620385
0.0	27.5	118.2905462394741
0.5	27.5	135.02377423246114
1.0	27.5	105.2371095117435
1.5	27.5	121.8396244959084
2.0	27.5	88.53997834017592
2.5	27.5	151.4142442655237
3.0	27.5	115.92397749015622
3.5	27.5	96.356562768477
4.0	27.5	111.87909033179466
4.5	27.5	100.12464767957897
5.0	27.5	111.13529214896732
5.5	27.5	595.3794918896047
6.0	27.5	2413.2258845626798
6.5	27.5	402.79527293743246
7.0	27.5	140.83111127892647
7.5	27.5	118.38758749973684
8.0	27.5	128.4559022063412
8.5	27.5	112.58668448540601
9.0	27.5	71.10038121435699
9.5	27.5	103.94981048482059
10.0	27.5	119.9196639328685
0.0	28.0	111.83643116732418
0.5	28.0	103.71644485169185
1.0	28.0	114.54378715101946
1.5	28.0	88.25027574255324
2.0	28.0	107.01160639925227
2.5	28.0	129.01635316200398
3.0	28.0	106.21503584194494
3.5	28.0	92.70622479265906
4.0	28.0	132.81391101842695
4.5	28.0	115.42690286147786
5.0	28.0	188.40874202622402
5.5	28.0	2930.0799035777177
6.0	28.0	771.2447426827998
6.5	28.0	127.49703988172662
7.0	28.0	117.53016692548157
7.5	28.0	125.48255866568111
8.0	28.0	131.6385015869044
8.5	28.0	127.33415210846904
9.0	28.0	133.5037125032007
9.5	28.0	133.27390483452012
10.0	28.0	114.90429050886047
0.0	28.5	109.38280399294004
0.5	28.5	135.39204083765804
1.0	28.5	94.349409907015
1.5	28.5	124.6940116518114
2.0	28.5	115.0692272496056
2.5	28.5	105.93487495781527
3.0	28.5	116.97120631833577
3.5	28.5	144.75296427800356
4.0	28.5	119.41162428780989
4.5	28.5	131.22683811974238
5.0	28.5	1274.1271084517905
5.5	28.5	913.9479187538791
6.0	28.5	349.68170075391123
6.5	28.5	121.47008191292026
7.0	28.5	99.18251892787427
7.5	28.5	121.18202542124548
8.0	28.5	124.15971295346732
8.5	28.5	121.09184889954183
9.0	28.5	104.05503892351835
9.5	28.5	126.01194464644512
10.0	28.5	115.9216454288814
0.0	29.0	104.81734745209762
0.5	29.0	123.241605362692
1.0	29.0	126.26467177184308
1.5	29.0	114.05576994231478
2.0	29.0	142.05413084149302
2.5	29.0	111.68296651792994
3.0	29.0	125.06390323779982
3.5	29.0	120.38092871951928
4.0	29.0	97.38308803512454
4.5	29.0	746.1214706225275
5.0	29.0	731.8615505495923
5.5	29.0	143.2720882868109
6.0	29.0	92.18283048579949
6.5	29.0	96.57435636721908
7.0	29.0	130.17833982653903
7.5	29.0	116.64258029386099
8.0	29.0	100.35519282495905
8.5	29.0	142.10496466337256
9.0	29.0	127.87755863939572
9.5	29.0	105.75516565705081
10.0	29.0	121.55356505278462
0.0	29.5	126.71158401785709
0.5	29.5	131.97871572344977
1.0	29.5	98.7483421376089
1.5	29.5	100.40000820663566
2.0	29.5	123.50240826144422
2.5	29.5	96.69101290273801
3.0	29.5	121.14792700342177
3.5	29.5	97.60603834984926
4.0	29.5	439.9136721177245
4.5	29.5	900.3677228071967
5.0	29.5	206.93935950572316
5.5	29.5	99.51933183284282
6.0	29.5	113.14557583313332
6.5	29.5	139.7559238212592
7.0	29.5	105.16310825844164
7.5	29.5	99.38577386102182
8.0	29.5	99.43177045730349
8.5	29.5	92.78732977737782
9.0	29.5	127.90455873747452
9.5	29.5	132.40769268700438
10.0	29.5	142.72837613440666
0.0	30.0	97.94286174668547
0.5	30.0	88.1624851234762
1.0	30.0	134.83880206153069
1.5	30.0	121.22001391767365
2.0	30.0	113.5428944308467
2.5	30.0	107.94808346673322
3.0	30.0	116.45667013972874
3.5	30.0	140.3680547550653
4.0	30.0	974.3038679273424
4.5	30.0	296.94533657907346
5.0	30.0	129.14411709956428
5.5	30.0	121.60437567518699
6.0	30.0	126.46582021409678
6.5	30.0	130.37961639331542
7.0	30.0	129.4493218848268
7.5	30.0	129.72294454742666
8.0	30.0	96.76846438775448
8.5	30.0	116.82387887282118
9.0	30.0	113.73893703496582
9.5	30.0	119.8733467585173
10.0	30.0	119.00740337670676
0.0	30.5	120.26765763861343
0.5	30.5	150.44771471203256
1.0	30.5	126.31742098302722
1.5	30.5	134.40078128039494
2.0	30.5	146.57965735839664
2.5	30.5	123.06224409747254
3.0	30.5	111.46118023801225
3.5	30.5	671.5965128915315
4.0	30.5	287.43550274674453
4.5	30.5	120.03337693740224
5.0	30.5	107.34764242832722
5.5	30.5	120.28970672418316
6.0	30.5	131.91157258774334
6.5	30.5	133.89722383934986
7.0	30.5	114.34658335344812
7.5	30.5	117.84453250808455
8.0	30.5	110.79939920800342
8.5	30.5	97.64502302518738
9.0	30.5	104.46299331390503
9.5	30.5	110.7927405161981
10.0	30.5	143.83563217242101
0.0	31.0	101.03227416427715
0.5	31.0	115.52289070936115
1.0	31.0	92.59672691765657
1.5	31.0	208.12979271531978
2.0	31.0	179.89219969204618
2.5	31.0	168.8460252882718
3.0	31.0	943.0115025199196
3.5	31.0	477.5426517988976
4.0	31.0	148.59929221965285
4.5	31.0	118.22702262131928
5.0	31.0	133.8762832506255
5.5	31.0	130.16149172676322
6.0	31.0	121.98790314416784
6.5	31.0	100.52600197694828
7.0	31.0	129.67151002237225
7.5	31.0	112.75038757091033
8.0	31.0	113.47961497662898
8.5	31.0	115.43604810282663
9.0	31.0	101.96194216696021
9.5	31.0	125.0826343943902
10.0	31.0	137.10560356298058
0.0	31.5	81.92412301395068
0.5	31.5	98.58375371733767
1.0	31.5	191.73602086392475
1.5	31.5	177.2781517044361
2.0	31.5	634.8527461725615
2.5	31.5	1406.9877061603781
3.0	31.5	2624.847596472954
3.5	31.5	325.60709899189214
4.0	31.5	128.23029550517617
4.5	31.5	107.34722898639383
5.0	31.5	132.24949904589096
5.5	31.5	92.34846662091927
6.0	31.5	112.49711669020775
6.5	31.5	117.76096710423116
7.0	31.5	124.70545674485376
7.5	31.5	146.86834770472157
8.0	31.5	103.4089086657429
8.5	31.5	117.83326727966444
9.0	31.5	116.9370371903295
9.5	31.5	113.24670381977174
10.0	31.5	110.16604295587581
0.0	32.0	118.50376399547649
0.5	32.0	120.50726513676229
1.0	32.0	112.1635430035378
1.5	32.0	89.91504887109375
2.0	32.0	610.207112825238
2.5	32.0	3265.6885995971115
3.0	32.0	1861.509826355961
3.5	32.0	286.0014514139982
4.0	32.0	114.89532156347168
4.5	32.0	107.63216722964722
5.0	32.0	120.40528080607805
5.5	32.0	112.96163231671864
6.0	32.0	92.83508925582045
6.5	32.0	144.00366374665506
7.0	32.0	140.37851219435728
7.5	32.0	144.87607943921432
8.0	32.0	121.12557169506341
8.5	32.0	123.45427865747357
9.0	32.0	109.19499345145006
9.5	32.0	121.78584419709819
10.0	32.0	136.7084521467397
0.0	32.5	120.21855313243866
0.5	32.5	100.44498673625776
1.0	32.5	110.3947381058918
1.5	32.5	129.18257380483186
2.0	32.5	3068.6275821175864
2.5	32.5	2122.8879897563716
3.0	32.5	1237.1756022933614
3.5	32.5	775.6681040316024
4.0	32.5	879.9916112544045
4.5	32.5	121.22213946866377
5.0	32.5	112.84018159926569
5.5	32.5	125.76895286380379
6.0	32.5	108.43169606540225
6.5	32.5	145.02415229843902
7.0	32.5	126.0419483180626
7.5	32.5	148.80546234536854
8.0	32.5	117.5192248240894
8.5	32.5	126.66057930442527
9.0	32.5	106.34562167446238
9.5	32.5	96.32743970660727
10.0	32.5	103.63594558592317
0.0	33.0	112.82583634629732
0.5	33.0	123.158885025412
1.0	33.0	123.55910457870252
1.5	33.0	1433.783458169015
2.0	33.0	2479.575121623451
2.5	33.0	661.0260806465164
3.0	33.0	307.7062253519573
3.5	33.0	306.093166888269
4.0	33.0	900.9548619227746
4.5	33.0	1480.016570429159
5.0	33.0	1280.9964844351919
5.5	33.0	236.7125752942081
6.0	33.0	118.16285858445003
6.5	33.0	113.20494431335455
7.0	33.0	83.89606337882934
7.5	33.0	107.38928345757267
8.0	33.0	127.06084347570908
8.5	33.0	141.00457513477983
9.0	33.0	107.26134686815121
9.5	33.0	89.70835077119806
10.0	33.0	122.68139262568698
0.0	33.5	121.56487622272756
0.5	33.5	138.21766516567686
1.0	33.5	102.78933952325264
1.5	33.5	525.8576573944871
2.0	33.5	516.6291717330959
2.5	33.5	166.83292323968575
3.0	33.5	120.05796352836543
3.5	33.5	122.41773354291674
4.0	33.5	124.06686823947871
4.5	33.5	320.98569870627506
5.0	33.5	906.5592772001936
5.5	33.5	1595.8208753621054
6.0	33.5	1686.812029209026
6.5	33.5	388.05896372952236
7.0	33.5	133.18897997620934
7.5	33.5	121.46960704122397
8.0	33.5	118.19503018615737
8.5	33.5	118.488963160159
9.0	33.5	123.6012447251675
9.5	33.5	106.02326069678116
10.0	33.5	157.67546808831577
0.0	34.0	104.06042746786943
0.5	34.0	101.6818097785548
1.0	34.0	104.35212422988964
1.5	34.0	92.6421803837923
2.0	34.0	106.62462468547447
2.5	34.0	137.2984120327649
3.0	34.0	120.50677934777576
3.5	34.0	99.44511095223066
4.0	34.0	107.72720903163614
4.5	34.0	107.33270726851684
5.0	34.0	132.29140603356157
5.5	34.0	273.67434556198094
6.0	34.0	914.966621967909
6.5	34.0	2215.954164711488
7.0	34.0	1757.1987922138676
7.5	34.0	169.33629763929576
8.0	34.0	90.81098566165899
8.5	34.0	92.8922229963259
9.0	34.0	132.97711221522422
9.5	34.0	93.52570207254612
10.0	34.0	142.0610896533937
0.0	34.5	124.67087100906781
0.5	34.5	115.9264585460306
1.0	34.5	138.29959338659805
1.5	34.5	106.73000333972799
2.0	34.5	116.1117465641356
2.5	34.5	111.98368441720727
3.0	34.5	103.69307766345385
3.5	34.5	105.82333553805759
4.0	34.5	102.53981601282324
4.5	34.5	124.99757781031717
5.0	34.5	123.94924998143831
5.5	34.5	106.08766214612069
6.0	34.5	105.99576472752588
6.5	34.5	357.8408203929956
7.0	34.5	541.7778828638488
7.5	34.5	152.41666837250918
8.0	34.5	96.16583226454168
8.5	34.5	101.33428729831566
9.0	34.5	113.2857236949563
9.5	34.5	144.44208964069995
10.0	34.5	128.05344482559207
0.0	35.0	100.40495105898847
0.5	35.0	124.3170619530386
1.0	35.0	143.97585103305363
1.5	35.0	104.49795405218468
2.0	35.0	126.99495294224683
2.5	35.0	128.28685078170798
3.0	35.0	118.07478117920412
3.5	35.0	111.89055795568308
4.0	35.0	105.09216271018516
4.5	35.0	139.42474150401182
5.0	35.0	130.32946225449825
5.5	35.0	110.63629873275234
6.0	35.0	123.05789190206873
6.5	35.0	122.77426373099213
7.0	35.0	117.9844128809759
7.5	35.0	128.36719860492008
8.0	35.0	105.76044084753923
8.5	35.0	102.06467455011698
9.0	35.0	136.75691139820702
9.5	35.0	118.70795410578683
10.0	35.0	140.04489232131235
0.0	35.5	123.94556408430059
0.5	35.5	142.33906454045953
1.0	35.5	107.30728618490079
1.5	35.5	104.08619745010348
2.0	35.5	122.54875729545596
2.5	35.5	142.65482711239486
3.0	35.5	101.97338743878349
3.5	35.5	140.45357479899832
4.0	35.5	132.06368044249487
4.5	35.5	115.25362005889862
5.0	35.5	122.93716261096384
5.5	35.5	114.43126009605442
6.0	35.5	132.17445363497666
6.5	35.5	118.61063203269039
7.0	35.5	97.7053289154252
7.5	35.5	118.44592680181422
8.0	35.5	123.32845773416977
8.5	35.5	143.804912190307
9.0	35.5	116.7800613456598
9.5	35.5	92.23615884508789
10.0	35.5	102.87872124715088
0.0	36.0	123.85100400994628
0.5	36.0	99.39964872862267
1.0	36.0	120.89633592602354
1.5	36.0	91.87795756450231
2.0	36.0	118.80523462413194
2.5	36.0	136.89306402885106
3.0	36.0	96.55024983309569
3.5	36.0	131.29903878788275
4.0	36.0	126.20525763297057
4.5	36.0	113.71987033412131
5.0	36.0	118.27950624249772
5.5	36.0	99.33841993013887
6.0	36.0	111.68609070323487
6.5	36.0	103.88321095198756
7.0	36.0	128.2830661733211
7.5	36.0	123.58020152958501
8.0	36.0	115.11808673424923
8.5	36.0	117.97151253100711
9.0	36.0	151.47742244326966
9.5	36.0	113.27520588706737
10.0	36.0	90.51890385177778
